  2.1315e+02   1.013e+05   9.990e-01
  2.1315e+02   4.641e+05   9.954e-01
  2.1315e+02   8.268e+05   9.913e-01
  2.1315e+02   1.190e+06   9.869e-01
  2.1315e+02   1.552e+06   9.820e-01
  2.1315e+02   1.915e+06   9.765e-01
  2.1315e+02   2.278e+06   9.704e-01
  2.1315e+02   2.641e+06   9.636e-01
  2.1315e+02   3.003e+06   9.558e-01
  2.1315e+02   3.366e+06   9.470e-01
  2.1315e+02   3.729e+06   9.368e-01
  2.1315e+02   4.092e+06   9.251e-01
  2.1315e+02   4.454e+06   9.113e-01
  2.1315e+02   4.817e+06   8.951e-01
  2.1315e+02   5.180e+06   8.757e-01
  2.1315e+02   5.542e+06   8.524e-01
  2.1315e+02   5.905e+06   8.241e-01
  2.1315e+02   6.268e+06   7.893e-01
  2.1315e+02   6.631e+06   7.465e-01
  2.1315e+02   6.993e+06   6.940e-01
  2.1315e+02   7.356e+06   6.303e-01
  2.1315e+02   7.719e+06   5.547e-01
  2.1315e+02   8.082e+06   4.655e-01
  2.1315e+02   8.444e+06   3.564e-01
  2.1315e+02   8.807e+06   2.080e-01
  2.1315e+02   9.170e+06   1.112e-04
  2.1315e+02   9.533e+06   1.031e-04
  2.1315e+02   9.895e+06   1.003e-04
  2.1315e+02   1.026e+07   1.000e-04
  2.1315e+02   1.062e+07   0.000e+00
  2.1315e+02   1.098e+07   0.000e+00
  2.1315e+02   1.135e+07   0.000e+00
  2.1315e+02   1.171e+07   0.000e+00
  2.1315e+02   1.207e+07   0.000e+00
  2.1315e+02   1.243e+07   0.000e+00
  2.1315e+02   1.280e+07   9.990e-01
  2.1315e+02   1.316e+07   9.990e-01
  2.1315e+02   1.352e+07   9.990e-01
  2.1315e+02   1.389e+07   9.990e-01
  2.1315e+02   1.425e+07   9.990e-01
  2.1315e+02   1.461e+07   9.990e-01
  2.1315e+02   1.497e+07   9.990e-01
  2.1315e+02   1.534e+07   9.990e-01
  2.1315e+02   1.570e+07   9.990e-01
  2.1315e+02   1.606e+07   9.990e-01
  2.1315e+02   1.642e+07   9.990e-01
  2.1315e+02   1.679e+07   9.990e-01
  2.1315e+02   1.715e+07   9.990e-01
  2.1315e+02   1.751e+07   9.990e-01
  2.1315e+02   1.788e+07   9.990e-01
  2.1315e+02   1.824e+07   9.990e-01

  2.1635e+02   1.013e+05   9.990e-01
  2.1635e+02   4.641e+05   9.955e-01
  2.1635e+02   8.268e+05   9.915e-01
  2.1635e+02   1.190e+06   9.872e-01
  2.1635e+02   1.552e+06   9.824e-01
  2.1635e+02   1.915e+06   9.772e-01
  2.1635e+02   2.278e+06   9.714e-01
  2.1635e+02   2.641e+06   9.649e-01
  2.1635e+02   3.003e+06   9.577e-01
  2.1635e+02   3.366e+06   9.495e-01
  2.1635e+02   3.729e+06   9.402e-01
  2.1635e+02   4.092e+06   9.297e-01
  2.1635e+02   4.454e+06   9.176e-01
  2.1635e+02   4.817e+06   9.036e-01
  2.1635e+02   5.180e+06   8.873e-01
  2.1635e+02   5.542e+06   8.682e-01
  2.1635e+02   5.905e+06   8.456e-01
  2.1635e+02   6.268e+06   8.188e-01
  2.1635e+02   6.631e+06   7.869e-01
  2.1635e+02   6.993e+06   7.488e-01
  2.1635e+02   7.356e+06   7.037e-01
  2.1635e+02   7.719e+06   6.506e-01
  2.1635e+02   8.082e+06   5.890e-01
  2.1635e+02   8.444e+06   5.175e-01
  2.1635e+02   8.807e+06   4.323e-01
  2.1635e+02   9.170e+06   3.242e-01
  2.1635e+02   9.533e+06   1.689e-01
  2.1635e+02   9.895e+06   1.084e-04
  2.1635e+02   1.026e+07   1.019e-04
  2.1635e+02   1.062e+07   1.002e-04
  2.1635e+02   1.098e+07   1.000e-04
  2.1635e+02   1.135e+07   1.000e-04
  2.1635e+02   1.171e+07   0.000e+00
  2.1635e+02   1.207e+07   0.000e+00
  2.1635e+02   1.243e+07   0.000e+00
  2.1635e+02   1.280e+07   0.000e+00
  2.1635e+02   1.316e+07   9.990e-01
  2.1635e+02   1.352e+07   9.990e-01
  2.1635e+02   1.389e+07   9.990e-01
  2.1635e+02   1.425e+07   9.990e-01
  2.1635e+02   1.461e+07   9.990e-01
  2.1635e+02   1.497e+07   9.990e-01
  2.1635e+02   1.534e+07   9.990e-01
  2.1635e+02   1.570e+07   9.990e-01
  2.1635e+02   1.606e+07   9.990e-01
  2.1635e+02   1.642e+07   9.990e-01
  2.1635e+02   1.679e+07   9.990e-01
  2.1635e+02   1.715e+07   9.990e-01
  2.1635e+02   1.751e+07   9.990e-01
  2.1635e+02   1.788e+07   9.990e-01
  2.1635e+02   1.824e+07   9.990e-01

  2.1955e+02   1.013e+05   9.990e-01
  2.1955e+02   4.641e+05   9.955e-01
  2.1955e+02   8.268e+05   9.917e-01
  2.1955e+02   1.190e+06   9.874e-01
  2.1955e+02   1.552e+06   9.828e-01
  2.1955e+02   1.915e+06   9.778e-01
  2.1955e+02   2.278e+06   9.722e-01
  2.1955e+02   2.641e+06   9.661e-01
  2.1955e+02   3.003e+06   9.593e-01
  2.1955e+02   3.366e+06   9.517e-01
  2.1955e+02   3.729e+06   9.431e-01
  2.1955e+02   4.092e+06   9.336e-01
  2.1955e+02   4.454e+06   9.227e-01
  2.1955e+02   4.817e+06   9.104e-01
  2.1955e+02   5.180e+06   8.963e-01
  2.1955e+02   5.542e+06   8.800e-01
  2.1955e+02   5.905e+06   8.613e-01
  2.1955e+02   6.268e+06   8.396e-01
  2.1955e+02   6.631e+06   8.143e-01
  2.1955e+02   6.993e+06   7.849e-01
  2.1955e+02   7.356e+06   7.507e-01
  2.1955e+02   7.719e+06   7.112e-01
  2.1955e+02   8.082e+06   6.658e-01
  2.1955e+02   8.444e+06   6.140e-01
  2.1955e+02   8.807e+06   5.546e-01
  2.1955e+02   9.170e+06   4.852e-01
  2.1955e+02   9.533e+06   4.005e-01
  2.1955e+02   9.895e+06   2.871e-01
  2.1955e+02   1.026e+07   1.165e-01
  2.1955e+02   1.062e+07   1.055e-04
  2.1955e+02   1.098e+07   1.011e-04
  2.1955e+02   1.135e+07   1.002e-04
  2.1955e+02   1.171e+07   1.000e-04
  2.1955e+02   1.207e+07   1.000e-04
  2.1955e+02   1.243e+07   0.000e+00
  2.1955e+02   1.280e+07   0.000e+00
  2.1955e+02   1.316e+07   0.000e+00
  2.1955e+02   1.352e+07   9.990e-01
  2.1955e+02   1.389e+07   9.990e-01
  2.1955e+02   1.425e+07   9.990e-01
  2.1955e+02   1.461e+07   9.990e-01
  2.1955e+02   1.497e+07   9.990e-01
  2.1955e+02   1.534e+07   9.990e-01
  2.1955e+02   1.570e+07   9.990e-01
  2.1955e+02   1.606e+07   9.990e-01
  2.1955e+02   1.642e+07   9.990e-01
  2.1955e+02   1.679e+07   9.990e-01
  2.1955e+02   1.715e+07   9.990e-01
  2.1955e+02   1.751e+07   9.990e-01
  2.1955e+02   1.788e+07   9.990e-01
  2.1955e+02   1.824e+07   9.990e-01

  2.2275e+02   1.013e+05   9.990e-01
  2.2275e+02   4.641e+05   9.956e-01
  2.2275e+02   8.268e+05   9.918e-01
  2.2275e+02   1.190e+06   9.877e-01
  2.2275e+02   1.552e+06   9.832e-01
  2.2275e+02   1.915e+06   9.783e-01
  2.2275e+02   2.278e+06   9.730e-01
  2.2275e+02   2.641e+06   9.671e-01
  2.2275e+02   3.003e+06   9.607e-01
  2.2275e+02   3.366e+06   9.536e-01
  2.2275e+02   3.729e+06   9.457e-01
  2.2275e+02   4.092e+06   9.369e-01
  2.2275e+02   4.454e+06   9.270e-01
  2.2275e+02   4.817e+06   9.159e-01
  2.2275e+02   5.180e+06   9.035e-01
  2.2275e+02   5.542e+06   8.893e-01
  2.2275e+02   5.905e+06   8.733e-01
  2.2275e+02   6.268e+06   8.551e-01
  2.2275e+02   6.631e+06   8.342e-01
  2.2275e+02   6.993e+06   8.104e-01
  2.2275e+02   7.356e+06   7.833e-01
  2.2275e+02   7.719e+06   7.523e-01
  2.2275e+02   8.082e+06   7.172e-01
  2.2275e+02   8.444e+06   6.775e-01
  2.2275e+02   8.807e+06   6.327e-01
  2.2275e+02   9.170e+06   5.820e-01
  2.2275e+02   9.533e+06   5.237e-01
  2.2275e+02   9.895e+06   4.538e-01
  2.2275e+02   1.026e+07   3.655e-01
  2.2275e+02   1.062e+07   2.406e-01
  2.2275e+02   1.098e+07   4.561e-02
  2.2275e+02   1.135e+07   1.031e-04
  2.2275e+02   1.171e+07   1.006e-04
  2.2275e+02   1.207e+07   1.001e-04
  2.2275e+02   1.243e+07   1.000e-04
  2.2275e+02   1.280e+07   1.000e-04
  2.2275e+02   1.316e+07   1.000e-04
  2.2275e+02   1.352e+07   9.990e-01
  2.2275e+02   1.389e+07   9.990e-01
  2.2275e+02   1.425e+07   9.990e-01
  2.2275e+02   1.461e+07   9.990e-01
  2.2275e+02   1.497e+07   9.990e-01
  2.2275e+02   1.534e+07   9.990e-01
  2.2275e+02   1.570e+07   9.990e-01
  2.2275e+02   1.606e+07   9.990e-01
  2.2275e+02   1.642e+07   9.990e-01
  2.2275e+02   1.679e+07   9.990e-01
  2.2275e+02   1.715e+07   9.990e-01
  2.2275e+02   1.751e+07   9.990e-01
  2.2275e+02   1.788e+07   9.990e-01
  2.2275e+02   1.824e+07   9.990e-01

  2.2595e+02   1.013e+05   9.990e-01
  2.2595e+02   4.641e+05   9.957e-01
  2.2595e+02   8.268e+05   9.920e-01
  2.2595e+02   1.190e+06   9.879e-01
  2.2595e+02   1.552e+06   9.836e-01
  2.2595e+02   1.915e+06   9.789e-01
  2.2595e+02   2.278e+06   9.737e-01
  2.2595e+02   2.641e+06   9.681e-01
  2.2595e+02   3.003e+06   9.620e-01
  2.2595e+02   3.366e+06   9.553e-01
  2.2595e+02   3.729e+06   9.479e-01
  2.2595e+02   4.092e+06   9.397e-01
  2.2595e+02   4.454e+06   9.307e-01
  2.2595e+02   4.817e+06   9.206e-01
  2.2595e+02   5.180e+06   9.094e-01
  2.2595e+02   5.542e+06   8.969e-01
  2.2595e+02   5.905e+06   8.829e-01
  2.2595e+02   6.268e+06   8.671e-01
  2.2595e+02   6.631e+06   8.494e-01
  2.2595e+02   6.993e+06   8.295e-01
  2.2595e+02   7.356e+06   8.071e-01
  2.2595e+02   7.719e+06   7.819e-01
  2.2595e+02   8.082e+06   7.537e-01
  2.2595e+02   8.444e+06   7.220e-01
  2.2595e+02   8.807e+06   6.867e-01
  2.2595e+02   9.170e+06   6.473e-01
  2.2595e+02   9.533e+06   6.031e-01
  2.2595e+02   9.895e+06   5.528e-01
  2.2595e+02   1.026e+07   4.937e-01
  2.2595e+02   1.062e+07   4.196e-01
  2.2595e+02   1.098e+07   3.236e-01
  2.2595e+02   1.135e+07   1.799e-01
  2.2595e+02   1.171e+07   1.058e-04
  2.2595e+02   1.207e+07   1.015e-04
  2.2595e+02   1.243e+07   1.003e-04
  2.2595e+02   1.280e+07   1.001e-04
  2.2595e+02   1.316e+07   1.000e-04
  2.2595e+02   1.352e+07   1.000e-04
  2.2595e+02   1.389e+07   9.990e-01
  2.2595e+02   1.425e+07   9.990e-01
  2.2595e+02   1.461e+07   9.990e-01
  2.2595e+02   1.497e+07   9.990e-01
  2.2595e+02   1.534e+07   9.990e-01
  2.2595e+02   1.570e+07   9.990e-01
  2.2595e+02   1.606e+07   9.990e-01
  2.2595e+02   1.642e+07   9.990e-01
  2.2595e+02   1.679e+07   9.990e-01
  2.2595e+02   1.715e+07   9.990e-01
  2.2595e+02   1.751e+07   9.990e-01
  2.2595e+02   1.788e+07   9.990e-01
  2.2595e+02   1.824e+07   9.990e-01

  2.2915e+02   1.013e+05   9.990e-01
  2.2915e+02   4.641e+05   9.958e-01
  2.2915e+02   8.268e+05   9.921e-01
  2.2915e+02   1.190e+06   9.882e-01
  2.2915e+02   1.552e+06   9.839e-01
  2.2915e+02   1.915e+06   9.793e-01
  2.2915e+02   2.278e+06   9.744e-01
  2.2915e+02   2.641e+06   9.690e-01
  2.2915e+02   3.003e+06   9.632e-01
  2.2915e+02   3.366e+06   9.568e-01
  2.2915e+02   3.729e+06   9.498e-01
  2.2915e+02   4.092e+06   9.422e-01
  2.2915e+02   4.454e+06   9.338e-01
  2.2915e+02   4.817e+06   9.246e-01
  2.2915e+02   5.180e+06   9.144e-01
  2.2915e+02   5.542e+06   9.032e-01
  2.2915e+02   5.905e+06   8.907e-01
  2.2915e+02   6.268e+06   8.768e-01
  2.2915e+02   6.631e+06   8.615e-01
  2.2915e+02   6.993e+06   8.444e-01
  2.2915e+02   7.356e+06   8.253e-01
  2.2915e+02   7.719e+06   8.042e-01
  2.2915e+02   8.082e+06   7.807e-01
  2.2915e+02   8.444e+06   7.547e-01
  2.2915e+02   8.807e+06   7.260e-01
  2.2915e+02   9.170e+06   6.941e-01
  2.2915e+02   9.533e+06   6.589e-01
  2.2915e+02   9.895e+06   6.197e-01
  2.2915e+02   1.026e+07   5.754e-01
  2.2915e+02   1.062e+07   5.241e-01
  2.2915e+02   1.098e+07   4.617e-01
  2.2915e+02   1.135e+07   3.768e-01
  2.2915e+02   1.171e+07   2.703e-01
  2.2915e+02   1.207e+07   1.009e-01
  2.2915e+02   1.243e+07   1.029e-04
  2.2915e+02   1.280e+07   1.006e-04
  2.2915e+02   1.316e+07   1.002e-04
  2.2915e+02   1.352e+07   1.000e-04
  2.2915e+02   1.389e+07   9.990e-01
  2.2915e+02   1.425e+07   9.990e-01
  2.2915e+02   1.461e+07   9.990e-01
  2.2915e+02   1.497e+07   9.990e-01
  2.2915e+02   1.534e+07   9.990e-01
  2.2915e+02   1.570e+07   9.990e-01
  2.2915e+02   1.606e+07   9.990e-01
  2.2915e+02   1.642e+07   9.990e-01
  2.2915e+02   1.679e+07   9.990e-01
  2.2915e+02   1.715e+07   9.990e-01
  2.2915e+02   1.751e+07   9.990e-01
  2.2915e+02   1.788e+07   9.990e-01
  2.2915e+02   1.824e+07   9.990e-01

  2.3235e+02   1.013e+05   9.990e-01
  2.3235e+02   4.641e+05   9.959e-01
  2.3235e+02   8.268e+05   9.923e-01
  2.3235e+02   1.190e+06   9.884e-01
  2.3235e+02   1.552e+06   9.843e-01
  2.3235e+02   1.915e+06   9.798e-01
  2.3235e+02   2.278e+06   9.750e-01
  2.3235e+02   2.641e+06   9.698e-01
  2.3235e+02   3.003e+06   9.642e-01
  2.3235e+02   3.366e+06   9.582e-01
  2.3235e+02   3.729e+06   9.516e-01
  2.3235e+02   4.092e+06   9.444e-01
  2.3235e+02   4.454e+06   9.366e-01
  2.3235e+02   4.817e+06   9.281e-01
  2.3235e+02   5.180e+06   9.187e-01
  2.3235e+02   5.542e+06   9.085e-01
  2.3235e+02   5.905e+06   8.972e-01
  2.3235e+02   6.268e+06   8.849e-01
  2.3235e+02   6.631e+06   8.712e-01
  2.3235e+02   6.993e+06   8.563e-01
  2.3235e+02   7.356e+06   8.398e-01
  2.3235e+02   7.719e+06   8.216e-01
  2.3235e+02   8.082e+06   8.016e-01
  2.3235e+02   8.444e+06   7.797e-01
  2.3235e+02   8.807e+06   7.556e-01
  2.3235e+02   9.170e+06   7.292e-01
  2.3235e+02   9.533e+06   7.002e-01
  2.3235e+02   9.895e+06   6.683e-01
  2.3235e+02   1.026e+07   6.330e-01
  2.3235e+02   1.062e+07   5.934e-01
  2.3235e+02   1.098e+07   5.481e-01
  2.3235e+02   1.135e+07   4.939e-01
  2.3235e+02   1.171e+07   4.232e-01
  2.3235e+02   1.207e+07   3.116e-01
  2.3235e+02   1.243e+07   2.018e-01
  2.3235e+02   1.280e+07   6.992e-03
  2.3235e+02   1.316e+07   1.011e-04
  2.3235e+02   1.352e+07   1.003e-04
  2.3235e+02   1.389e+07   1.626e-01
  2.3235e+02   1.425e+07   9.990e-01
  2.3235e+02   1.461e+07   9.990e-01
  2.3235e+02   1.497e+07   9.990e-01
  2.3235e+02   1.534e+07   9.990e-01
  2.3235e+02   1.570e+07   9.990e-01
  2.3235e+02   1.606e+07   9.990e-01
  2.3235e+02   1.642e+07   9.990e-01
  2.3235e+02   1.679e+07   9.990e-01
  2.3235e+02   1.715e+07   9.990e-01
  2.3235e+02   1.751e+07   9.990e-01
  2.3235e+02   1.788e+07   9.990e-01
  2.3235e+02   1.824e+07   9.990e-01

  2.3555e+02   1.013e+05   9.990e-01
  2.3555e+02   4.641e+05   9.960e-01
  2.3555e+02   8.268e+05   9.924e-01
  2.3555e+02   1.190e+06   9.886e-01
  2.3555e+02   1.552e+06   9.846e-01
  2.3555e+02   1.915e+06   9.803e-01
  2.3555e+02   2.278e+06   9.756e-01
  2.3555e+02   2.641e+06   9.706e-01
  2.3555e+02   3.003e+06   9.652e-01
  2.3555e+02   3.366e+06   9.594e-01
  2.3555e+02   3.729e+06   9.532e-01
  2.3555e+02   4.092e+06   9.464e-01
  2.3555e+02   4.454e+06   9.391e-01
  2.3555e+02   4.817e+06   9.311e-01
  2.3555e+02   5.180e+06   9.225e-01
  2.3555e+02   5.542e+06   9.130e-01
  2.3555e+02   5.905e+06   9.028e-01
  2.3555e+02   6.268e+06   8.916e-01
  2.3555e+02   6.631e+06   8.794e-01
  2.3555e+02   6.993e+06   8.661e-01
  2.3555e+02   7.356e+06   8.515e-01
  2.3555e+02   7.719e+06   8.356e-01
  2.3555e+02   8.082e+06   8.182e-01
  2.3555e+02   8.444e+06   7.993e-01
  2.3555e+02   8.807e+06   7.787e-01
  2.3555e+02   9.170e+06   7.563e-01
  2.3555e+02   9.533e+06   7.318e-01
  2.3555e+02   9.895e+06   7.051e-01
  2.3555e+02   1.026e+07   6.760e-01
  2.3555e+02   1.062e+07   6.439e-01
  2.3555e+02   1.098e+07   6.081e-01
  2.3555e+02   1.135e+07   5.674e-01
  2.3555e+02   1.171e+07   5.193e-01
  2.3555e+02   1.207e+07   4.584e-01
  2.3555e+02   1.243e+07   3.669e-01
  2.3555e+02   1.280e+07   1.866e-01
  2.3555e+02   1.316e+07   1.254e-01
  2.3555e+02   1.352e+07   1.017e-04
  2.3555e+02   1.389e+07   1.004e-04
  2.3555e+02   1.425e+07   9.990e-01
  2.3555e+02   1.461e+07   9.990e-01
  2.3555e+02   1.497e+07   9.990e-01
  2.3555e+02   1.534e+07   9.990e-01
  2.3555e+02   1.570e+07   9.990e-01
  2.3555e+02   1.606e+07   9.990e-01
  2.3555e+02   1.642e+07   9.990e-01
  2.3555e+02   1.679e+07   9.990e-01
  2.3555e+02   1.715e+07   9.990e-01
  2.3555e+02   1.751e+07   9.990e-01
  2.3555e+02   1.788e+07   9.990e-01
  2.3555e+02   1.824e+07   9.990e-01

  2.3875e+02   1.013e+05   9.990e-01
  2.3875e+02   4.641e+05   9.961e-01
  2.3875e+02   8.268e+05   9.926e-01
  2.3875e+02   1.190e+06   9.889e-01
  2.3875e+02   1.552e+06   9.849e-01
  2.3875e+02   1.915e+06   9.807e-01
  2.3875e+02   2.278e+06   9.762e-01
  2.3875e+02   2.641e+06   9.713e-01
  2.3875e+02   3.003e+06   9.662e-01
  2.3875e+02   3.366e+06   9.606e-01
  2.3875e+02   3.729e+06   9.546e-01
  2.3875e+02   4.092e+06   9.482e-01
  2.3875e+02   4.454e+06   9.413e-01
  2.3875e+02   4.817e+06   9.338e-01
  2.3875e+02   5.180e+06   9.258e-01
  2.3875e+02   5.542e+06   9.170e-01
  2.3875e+02   5.905e+06   9.076e-01
  2.3875e+02   6.268e+06   8.974e-01
  2.3875e+02   6.631e+06   8.863e-01
  2.3875e+02   6.993e+06   8.743e-01
  2.3875e+02   7.356e+06   8.612e-01
  2.3875e+02   7.719e+06   8.471e-01
  2.3875e+02   8.082e+06   8.318e-01
  2.3875e+02   8.444e+06   8.152e-01
  2.3875e+02   8.807e+06   7.973e-01
  2.3875e+02   9.170e+06   7.778e-01
  2.3875e+02   9.533e+06   7.568e-01
  2.3875e+02   9.895e+06   7.340e-01
  2.3875e+02   1.026e+07   7.093e-01
  2.3875e+02   1.062e+07   6.824e-01
  2.3875e+02   1.098e+07   6.529e-01
  2.3875e+02   1.135e+07   6.202e-01
  2.3875e+02   1.171e+07   5.832e-01
  2.3875e+02   1.207e+07   5.400e-01
  2.3875e+02   1.243e+07   4.860e-01
  2.3875e+02   1.280e+07   4.077e-01
  2.3875e+02   1.316e+07   2.573e-01
  2.3875e+02   1.352e+07   1.071e-04
  2.3875e+02   1.389e+07   1.247e-01
  2.3875e+02   1.425e+07   4.121e-01
  2.3875e+02   1.461e+07   9.990e-01
  2.3875e+02   1.497e+07   9.990e-01
  2.3875e+02   1.534e+07   9.990e-01
  2.3875e+02   1.570e+07   9.990e-01
  2.3875e+02   1.606e+07   9.990e-01
  2.3875e+02   1.642e+07   9.990e-01
  2.3875e+02   1.679e+07   9.990e-01
  2.3875e+02   1.715e+07   9.990e-01
  2.3875e+02   1.751e+07   9.990e-01
  2.3875e+02   1.788e+07   9.990e-01
  2.3875e+02   1.824e+07   9.990e-01

  2.4195e+02   1.013e+05   9.990e-01
  2.4195e+02   4.641e+05   9.962e-01
  2.4195e+02   8.268e+05   9.927e-01
  2.4195e+02   1.190e+06   9.891e-01
  2.4195e+02   1.552e+06   9.852e-01
  2.4195e+02   1.915e+06   9.811e-01
  2.4195e+02   2.278e+06   9.767e-01
  2.4195e+02   2.641e+06   9.720e-01
  2.4195e+02   3.003e+06   9.670e-01
  2.4195e+02   3.366e+06   9.617e-01
  2.4195e+02   3.729e+06   9.560e-01
  2.4195e+02   4.092e+06   9.499e-01
  2.4195e+02   4.454e+06   9.433e-01
  2.4195e+02   4.817e+06   9.363e-01
  2.4195e+02   5.180e+06   9.287e-01
  2.4195e+02   5.542e+06   9.206e-01
  2.4195e+02   5.905e+06   9.118e-01
  2.4195e+02   6.268e+06   9.024e-01
  2.4195e+02   6.631e+06   8.922e-01
  2.4195e+02   6.993e+06   8.813e-01
  2.4195e+02   7.356e+06   8.695e-01
  2.4195e+02   7.719e+06   8.568e-01
  2.4195e+02   8.082e+06   8.431e-01
  2.4195e+02   8.444e+06   8.284e-01
  2.4195e+02   8.807e+06   8.125e-01
  2.4195e+02   9.170e+06   7.954e-01
  2.4195e+02   9.533e+06   7.770e-01
  2.4195e+02   9.895e+06   7.572e-01
  2.4195e+02   1.026e+07   7.359e-01
  2.4195e+02   1.062e+07   7.129e-01
  2.4195e+02   1.098e+07   6.879e-01
  2.4195e+02   1.135e+07   6.605e-01
  2.4195e+02   1.171e+07   6.303e-01
  2.4195e+02   1.207e+07   5.964e-01
  2.4195e+02   1.243e+07   5.571e-01
  2.4195e+02   1.280e+07   5.083e-01
  2.4195e+02   1.316e+07   4.389e-01
  2.4195e+02   1.352e+07   3.070e-01
  2.4195e+02   1.389e+07   3.036e-02
  2.4195e+02   1.425e+07   1.038e-04
  2.4195e+02   1.461e+07   1.015e-04
  2.4195e+02   1.497e+07   9.990e-01
  2.4195e+02   1.534e+07   9.990e-01
  2.4195e+02   1.570e+07   9.990e-01
  2.4195e+02   1.606e+07   9.990e-01
  2.4195e+02   1.642e+07   9.990e-01
  2.4195e+02   1.679e+07   9.990e-01
  2.4195e+02   1.715e+07   9.990e-01
  2.4195e+02   1.751e+07   9.990e-01
  2.4195e+02   1.788e+07   9.990e-01
  2.4195e+02   1.824e+07   9.990e-01

  2.4515e+02   1.013e+05   9.990e-01
  2.4515e+02   4.641e+05   9.963e-01
  2.4515e+02   8.268e+05   9.929e-01
  2.4515e+02   1.190e+06   9.893e-01
  2.4515e+02   1.552e+06   9.855e-01
  2.4515e+02   1.915e+06   9.815e-01
  2.4515e+02   2.278e+06   9.772e-01
  2.4515e+02   2.641e+06   9.727e-01
  2.4515e+02   3.003e+06   9.679e-01
  2.4515e+02   3.366e+06   9.627e-01
  2.4515e+02   3.729e+06   9.573e-01
  2.4515e+02   4.092e+06   9.514e-01
  2.4515e+02   4.454e+06   9.452e-01
  2.4515e+02   4.817e+06   9.385e-01
  2.4515e+02   5.180e+06   9.314e-01
  2.4515e+02   5.542e+06   9.238e-01
  2.4515e+02   5.905e+06   9.156e-01
  2.4515e+02   6.268e+06   9.068e-01
  2.4515e+02   6.631e+06   8.975e-01
  2.4515e+02   6.993e+06   8.874e-01
  2.4515e+02   7.356e+06   8.766e-01
  2.4515e+02   7.719e+06   8.651e-01
  2.4515e+02   8.082e+06   8.527e-01
  2.4515e+02   8.444e+06   8.394e-01
  2.4515e+02   8.807e+06   8.252e-01
  2.4515e+02   9.170e+06   8.100e-01
  2.4515e+02   9.533e+06   7.937e-01
  2.4515e+02   9.895e+06   7.763e-01
  2.4515e+02   1.026e+07   7.576e-01
  2.4515e+02   1.062e+07   7.375e-01
  2.4515e+02   1.098e+07   7.159e-01
  2.4515e+02   1.135e+07   6.925e-01
  2.4515e+02   1.171e+07   6.671e-01
  2.4515e+02   1.207e+07   6.390e-01
  2.4515e+02   1.243e+07   6.076e-01
  2.4515e+02   1.280e+07   5.714e-01
  2.4515e+02   1.316e+07   5.274e-01
  2.4515e+02   1.352e+07   4.632e-01
  2.4515e+02   1.389e+07   3.412e-01
  2.4515e+02   1.425e+07   7.236e-02
  2.4515e+02   1.461e+07   1.040e-04
  2.4515e+02   1.497e+07   1.017e-04
  2.4515e+02   1.534e+07   1.007e-04
  2.4515e+02   1.570e+07   9.990e-01
  2.4515e+02   1.606e+07   9.990e-01
  2.4515e+02   1.642e+07   9.990e-01
  2.4515e+02   1.679e+07   9.990e-01
  2.4515e+02   1.715e+07   9.990e-01
  2.4515e+02   1.751e+07   9.990e-01
  2.4515e+02   1.788e+07   9.990e-01
  2.4515e+02   1.824e+07   9.990e-01

  2.4835e+02   1.013e+05   9.990e-01
  2.4835e+02   4.641e+05   9.964e-01
  2.4835e+02   8.268e+05   9.931e-01
  2.4835e+02   1.190e+06   9.895e-01
  2.4835e+02   1.552e+06   9.858e-01
  2.4835e+02   1.915e+06   9.819e-01
  2.4835e+02   2.278e+06   9.777e-01
  2.4835e+02   2.641e+06   9.733e-01
  2.4835e+02   3.003e+06   9.687e-01
  2.4835e+02   3.366e+06   9.637e-01
  2.4835e+02   3.729e+06   9.584e-01
  2.4835e+02   4.092e+06   9.528e-01
  2.4835e+02   4.454e+06   9.469e-01
  2.4835e+02   4.817e+06   9.406e-01
  2.4835e+02   5.180e+06   9.338e-01
  2.4835e+02   5.542e+06   9.266e-01
  2.4835e+02   5.905e+06   9.190e-01
  2.4835e+02   6.268e+06   9.108e-01
  2.4835e+02   6.631e+06   9.021e-01
  2.4835e+02   6.993e+06   8.928e-01
  2.4835e+02   7.356e+06   8.828e-01
  2.4835e+02   7.719e+06   8.723e-01
  2.4835e+02   8.082e+06   8.610e-01
  2.4835e+02   8.444e+06   8.489e-01
  2.4835e+02   8.807e+06   8.361e-01
  2.4835e+02   9.170e+06   8.224e-01
  2.4835e+02   9.533e+06   8.078e-01
  2.4835e+02   9.895e+06   7.922e-01
  2.4835e+02   1.026e+07   7.756e-01
  2.4835e+02   1.062e+07   7.579e-01
  2.4835e+02   1.098e+07   7.389e-01
  2.4835e+02   1.135e+07   7.186e-01
  2.4835e+02   1.171e+07   6.966e-01
  2.4835e+02   1.207e+07   6.728e-01
  2.4835e+02   1.243e+07   6.465e-01
  2.4835e+02   1.280e+07   6.173e-01
  2.4835e+02   1.316e+07   5.837e-01
  2.4835e+02   1.352e+07   5.433e-01
  2.4835e+02   1.389e+07   4.879e-01
  2.4835e+02   1.425e+07   3.630e-01
  2.4835e+02   1.461e+07   9.295e-02
  2.4835e+02   1.497e+07   1.041e-04
  2.4835e+02   1.534e+07   1.018e-04
  2.4835e+02   1.570e+07   1.007e-04
  2.4835e+02   1.606e+07   1.003e-04
  2.4835e+02   1.642e+07   9.990e-01
  2.4835e+02   1.679e+07   9.990e-01
  2.4835e+02   1.715e+07   9.990e-01
  2.4835e+02   1.751e+07   9.990e-01
  2.4835e+02   1.788e+07   9.990e-01
  2.4835e+02   1.824e+07   9.990e-01

  2.5155e+02   1.013e+05   9.990e-01
  2.5155e+02   4.641e+05   9.965e-01
  2.5155e+02   8.268e+05   9.932e-01
  2.5155e+02   1.190e+06   9.898e-01
  2.5155e+02   1.552e+06   9.861e-01
  2.5155e+02   1.915e+06   9.823e-01
  2.5155e+02   2.278e+06   9.782e-01
  2.5155e+02   2.641e+06   9.740e-01
  2.5155e+02   3.003e+06   9.694e-01
  2.5155e+02   3.366e+06   9.646e-01
  2.5155e+02   3.729e+06   9.596e-01
  2.5155e+02   4.092e+06   9.542e-01
  2.5155e+02   4.454e+06   9.485e-01
  2.5155e+02   4.817e+06   9.425e-01
  2.5155e+02   5.180e+06   9.360e-01
  2.5155e+02   5.542e+06   9.292e-01
  2.5155e+02   5.905e+06   9.220e-01
  2.5155e+02   6.268e+06   9.143e-01
  2.5155e+02   6.631e+06   9.062e-01
  2.5155e+02   6.993e+06   8.975e-01
  2.5155e+02   7.356e+06   8.883e-01
  2.5155e+02   7.719e+06   8.786e-01
  2.5155e+02   8.082e+06   8.682e-01
  2.5155e+02   8.444e+06   8.572e-01
  2.5155e+02   8.807e+06   8.454e-01
  2.5155e+02   9.170e+06   8.330e-01
  2.5155e+02   9.533e+06   8.198e-01
  2.5155e+02   9.895e+06   8.058e-01
  2.5155e+02   1.026e+07   7.909e-01
  2.5155e+02   1.062e+07   7.751e-01
  2.5155e+02   1.098e+07   7.582e-01
  2.5155e+02   1.135e+07   7.403e-01
  2.5155e+02   1.171e+07   7.210e-01
  2.5155e+02   1.207e+07   7.003e-01
  2.5155e+02   1.243e+07   6.778e-01
  2.5155e+02   1.280e+07   6.532e-01
  2.5155e+02   1.316e+07   6.257e-01
  2.5155e+02   1.352e+07   5.944e-01
  2.5155e+02   1.389e+07   5.569e-01
  2.5155e+02   1.425e+07   5.074e-01
  2.5155e+02   1.461e+07   4.089e-01
  2.5155e+02   1.497e+07   8.959e-02
  2.5155e+02   1.534e+07   1.039e-04
  2.5155e+02   1.570e+07   1.018e-04
  2.5155e+02   1.606e+07   1.007e-04
  2.5155e+02   1.642e+07   1.003e-04
  2.5155e+02   1.679e+07   1.001e-04
  2.5155e+02   1.715e+07   1.001e-04
  2.5155e+02   1.751e+07   9.990e-01
  2.5155e+02   1.788e+07   9.990e-01
  2.5155e+02   1.824e+07   9.990e-01

  2.5475e+02   1.013e+05   9.990e-01
  2.5475e+02   4.641e+05   9.967e-01
  2.5475e+02   8.268e+05   9.934e-01
  2.5475e+02   1.190e+06   9.900e-01
  2.5475e+02   1.552e+06   9.865e-01
  2.5475e+02   1.915e+06   9.827e-01
  2.5475e+02   2.278e+06   9.787e-01
  2.5475e+02   2.641e+06   9.746e-01
  2.5475e+02   3.003e+06   9.702e-01
  2.5475e+02   3.366e+06   9.655e-01
  2.5475e+02   3.729e+06   9.606e-01
  2.5475e+02   4.092e+06   9.555e-01
  2.5475e+02   4.454e+06   9.500e-01
  2.5475e+02   4.817e+06   9.442e-01
  2.5475e+02   5.180e+06   9.381e-01
  2.5475e+02   5.542e+06   9.317e-01
  2.5475e+02   5.905e+06   9.248e-01
  2.5475e+02   6.268e+06   9.176e-01
  2.5475e+02   6.631e+06   9.099e-01
  2.5475e+02   6.993e+06   9.018e-01
  2.5475e+02   7.356e+06   8.933e-01
  2.5475e+02   7.719e+06   8.842e-01
  2.5475e+02   8.082e+06   8.746e-01
  2.5475e+02   8.444e+06   8.644e-01
  2.5475e+02   8.807e+06   8.537e-01
  2.5475e+02   9.170e+06   8.423e-01
  2.5475e+02   9.533e+06   8.302e-01
  2.5475e+02   9.895e+06   8.175e-01
  2.5475e+02   1.026e+07   8.040e-01
  2.5475e+02   1.062e+07   7.898e-01
  2.5475e+02   1.098e+07   7.746e-01
  2.5475e+02   1.135e+07   7.586e-01
  2.5475e+02   1.171e+07   7.415e-01
  2.5475e+02   1.207e+07   7.233e-01
  2.5475e+02   1.243e+07   7.037e-01
  2.5475e+02   1.280e+07   6.825e-01
  2.5475e+02   1.316e+07   6.592e-01
  2.5475e+02   1.352e+07   6.334e-01
  2.5475e+02   1.389e+07   6.039e-01
  2.5475e+02   1.425e+07   5.688e-01
  2.5475e+02   1.461e+07   5.234e-01
  2.5475e+02   1.497e+07   4.462e-01
  2.5475e+02   1.534e+07   1.118e-01
  2.5475e+02   1.570e+07   1.035e-04
  2.5475e+02   1.606e+07   1.016e-04
  2.5475e+02   1.642e+07   1.007e-04
  2.5475e+02   1.679e+07   1.003e-04
  2.5475e+02   1.715e+07   1.001e-04
  2.5475e+02   1.751e+07   1.001e-04
  2.5475e+02   1.788e+07   1.000e-04
  2.5475e+02   1.824e+07   9.990e-01

  2.5795e+02   1.013e+05   9.990e-01
  2.5795e+02   4.641e+05   9.990e-01
  2.5795e+02   8.268e+05   9.936e-01
  2.5795e+02   1.190e+06   9.903e-01
  2.5795e+02   1.552e+06   9.868e-01
  2.5795e+02   1.915e+06   9.831e-01
  2.5795e+02   2.278e+06   9.792e-01
  2.5795e+02   2.641e+06   9.752e-01
  2.5795e+02   3.003e+06   9.709e-01
  2.5795e+02   3.366e+06   9.664e-01
  2.5795e+02   3.729e+06   9.617e-01
  2.5795e+02   4.092e+06   9.567e-01
  2.5795e+02   4.454e+06   9.514e-01
  2.5795e+02   4.817e+06   9.459e-01
  2.5795e+02   5.180e+06   9.401e-01
  2.5795e+02   5.542e+06   9.339e-01
  2.5795e+02   5.905e+06   9.274e-01
  2.5795e+02   6.268e+06   9.206e-01
  2.5795e+02   6.631e+06   9.134e-01
  2.5795e+02   6.993e+06   9.057e-01
  2.5795e+02   7.356e+06   8.977e-01
  2.5795e+02   7.719e+06   8.892e-01
  2.5795e+02   8.082e+06   8.803e-01
  2.5795e+02   8.444e+06   8.709e-01
  2.5795e+02   8.807e+06   8.609e-01
  2.5795e+02   9.170e+06   8.504e-01
  2.5795e+02   9.533e+06   8.394e-01
  2.5795e+02   9.895e+06   8.277e-01
  2.5795e+02   1.026e+07   8.154e-01
  2.5795e+02   1.062e+07   8.025e-01
  2.5795e+02   1.098e+07   7.888e-01
  2.5795e+02   1.135e+07   7.743e-01
  2.5795e+02   1.171e+07   7.590e-01
  2.5795e+02   1.207e+07   7.427e-01
  2.5795e+02   1.243e+07   7.254e-01
  2.5795e+02   1.280e+07   7.068e-01
  2.5795e+02   1.316e+07   6.867e-01
  2.5795e+02   1.352e+07   6.648e-01
  2.5795e+02   1.389e+07   6.404e-01
  2.5795e+02   1.425e+07   6.127e-01
  2.5795e+02   1.461e+07   5.798e-01
  2.5795e+02   1.497e+07   5.375e-01
  2.5795e+02   1.534e+07   4.706e-01
  2.5795e+02   1.570e+07   2.758e-01
  2.5795e+02   1.606e+07   1.031e-04
  2.5795e+02   1.642e+07   1.014e-04
  2.5795e+02   1.679e+07   1.006e-04
  2.5795e+02   1.715e+07   1.003e-04
  2.5795e+02   1.751e+07   1.001e-04
  2.5795e+02   1.788e+07   1.001e-04
  2.5795e+02   1.824e+07   1.000e-04

  2.6115e+02   1.013e+05   9.990e-01
  2.6115e+02   4.641e+05   9.990e-01
  2.6115e+02   8.268e+05   9.938e-01
  2.6115e+02   1.190e+06   9.906e-01
  2.6115e+02   1.552e+06   9.871e-01
  2.6115e+02   1.915e+06   9.835e-01
  2.6115e+02   2.278e+06   9.797e-01
  2.6115e+02   2.641e+06   9.758e-01
  2.6115e+02   3.003e+06   9.716e-01
  2.6115e+02   3.366e+06   9.672e-01
  2.6115e+02   3.729e+06   9.627e-01
  2.6115e+02   4.092e+06   9.578e-01
  2.6115e+02   4.454e+06   9.528e-01
  2.6115e+02   4.817e+06   9.475e-01
  2.6115e+02   5.180e+06   9.419e-01
  2.6115e+02   5.542e+06   9.360e-01
  2.6115e+02   5.905e+06   9.298e-01
  2.6115e+02   6.268e+06   9.233e-01
  2.6115e+02   6.631e+06   9.165e-01
  2.6115e+02   6.993e+06   9.093e-01
  2.6115e+02   7.356e+06   9.018e-01
  2.6115e+02   7.719e+06   8.938e-01
  2.6115e+02   8.082e+06   8.855e-01
  2.6115e+02   8.444e+06   8.767e-01
  2.6115e+02   8.807e+06   8.674e-01
  2.6115e+02   9.170e+06   8.577e-01
  2.6115e+02   9.533e+06   8.475e-01
  2.6115e+02   9.895e+06   8.368e-01
  2.6115e+02   1.026e+07   8.255e-01
  2.6115e+02   1.062e+07   8.137e-01
  2.6115e+02   1.098e+07   8.012e-01
  2.6115e+02   1.135e+07   7.880e-01
  2.6115e+02   1.171e+07   7.742e-01
  2.6115e+02   1.207e+07   7.596e-01
  2.6115e+02   1.243e+07   7.440e-01
  2.6115e+02   1.280e+07   7.275e-01
  2.6115e+02   1.316e+07   7.099e-01
  2.6115e+02   1.352e+07   6.909e-01
  2.6115e+02   1.389e+07   6.701e-01
  2.6115e+02   1.425e+07   6.471e-01
  2.6115e+02   1.461e+07   6.210e-01
  2.6115e+02   1.497e+07   5.901e-01
  2.6115e+02   1.534e+07   5.509e-01
  2.6115e+02   1.570e+07   4.911e-01
  2.6115e+02   1.606e+07   3.446e-01
  2.6115e+02   1.642e+07   1.028e-04
  2.6115e+02   1.679e+07   1.012e-04
  2.6115e+02   1.715e+07   1.005e-04
  2.6115e+02   1.751e+07   1.002e-04
  2.6115e+02   1.788e+07   1.001e-04
  2.6115e+02   1.824e+07   1.000e-04

  2.6435e+02   1.013e+05   9.990e-01
  2.6435e+02   4.641e+05   9.990e-01
  2.6435e+02   8.268e+05   9.941e-01
  2.6435e+02   1.190e+06   9.908e-01
  2.6435e+02   1.552e+06   9.875e-01
  2.6435e+02   1.915e+06   9.839e-01
  2.6435e+02   2.278e+06   9.802e-01
  2.6435e+02   2.641e+06   9.764e-01
  2.6435e+02   3.003e+06   9.723e-01
  2.6435e+02   3.366e+06   9.681e-01
  2.6435e+02   3.729e+06   9.636e-01
  2.6435e+02   4.092e+06   9.590e-01
  2.6435e+02   4.454e+06   9.541e-01
  2.6435e+02   4.817e+06   9.490e-01
  2.6435e+02   5.180e+06   9.436e-01
  2.6435e+02   5.542e+06   9.380e-01
  2.6435e+02   5.905e+06   9.321e-01
  2.6435e+02   6.268e+06   9.259e-01
  2.6435e+02   6.631e+06   9.194e-01
  2.6435e+02   6.993e+06   9.126e-01
  2.6435e+02   7.356e+06   9.055e-01
  2.6435e+02   7.719e+06   8.980e-01
  2.6435e+02   8.082e+06   8.902e-01
  2.6435e+02   8.444e+06   8.819e-01
  2.6435e+02   8.807e+06   8.733e-01
  2.6435e+02   9.170e+06   8.643e-01
  2.6435e+02   9.533e+06   8.548e-01
  2.6435e+02   9.895e+06   8.449e-01
  2.6435e+02   1.026e+07   8.345e-01
  2.6435e+02   1.062e+07   8.236e-01
  2.6435e+02   1.098e+07   8.121e-01
  2.6435e+02   1.135e+07   8.001e-01
  2.6435e+02   1.171e+07   7.875e-01
  2.6435e+02   1.207e+07   7.742e-01
  2.6435e+02   1.243e+07   7.603e-01
  2.6435e+02   1.280e+07   7.455e-01
  2.6435e+02   1.316e+07   7.298e-01
  2.6435e+02   1.352e+07   7.130e-01
  2.6435e+02   1.389e+07   6.950e-01
  2.6435e+02   1.425e+07   6.754e-01
  2.6435e+02   1.461e+07   6.537e-01
  2.6435e+02   1.497e+07   6.292e-01
  2.6435e+02   1.534e+07   6.004e-01
  2.6435e+02   1.570e+07   5.645e-01
  2.6435e+02   1.606e+07   5.119e-01
  2.6435e+02   1.642e+07   3.929e-01
  2.6435e+02   1.679e+07   1.025e-04
  2.6435e+02   1.715e+07   1.010e-04
  2.6435e+02   1.751e+07   1.004e-04
  2.6435e+02   1.788e+07   1.002e-04
  2.6435e+02   1.824e+07   1.001e-04

  2.6755e+02   1.013e+05   9.990e-01
  2.6755e+02   4.641e+05   9.990e-01
  2.6755e+02   8.268e+05   9.943e-01
  2.6755e+02   1.190e+06   9.911e-01
  2.6755e+02   1.552e+06   9.878e-01
  2.6755e+02   1.915e+06   9.844e-01
  2.6755e+02   2.278e+06   9.807e-01
  2.6755e+02   2.641e+06   9.770e-01
  2.6755e+02   3.003e+06   9.730e-01
  2.6755e+02   3.366e+06   9.689e-01
  2.6755e+02   3.729e+06   9.646e-01
  2.6755e+02   4.092e+06   9.601e-01
  2.6755e+02   4.454e+06   9.554e-01
  2.6755e+02   4.817e+06   9.504e-01
  2.6755e+02   5.180e+06   9.453e-01
  2.6755e+02   5.542e+06   9.399e-01
  2.6755e+02   5.905e+06   9.343e-01
  2.6755e+02   6.268e+06   9.284e-01
  2.6755e+02   6.631e+06   9.222e-01
  2.6755e+02   6.993e+06   9.157e-01
  2.6755e+02   7.356e+06   9.090e-01
  2.6755e+02   7.719e+06   9.019e-01
  2.6755e+02   8.082e+06   8.945e-01
  2.6755e+02   8.444e+06   8.868e-01
  2.6755e+02   8.807e+06   8.787e-01
  2.6755e+02   9.170e+06   8.703e-01
  2.6755e+02   9.533e+06   8.614e-01
  2.6755e+02   9.895e+06   8.522e-01
  2.6755e+02   1.026e+07   8.425e-01
  2.6755e+02   1.062e+07   8.325e-01
  2.6755e+02   1.098e+07   8.219e-01
  2.6755e+02   1.135e+07   8.109e-01
  2.6755e+02   1.171e+07   7.993e-01
  2.6755e+02   1.207e+07   7.872e-01
  2.6755e+02   1.243e+07   7.745e-01
  2.6755e+02   1.280e+07   7.612e-01
  2.6755e+02   1.316e+07   7.471e-01
  2.6755e+02   1.352e+07   7.322e-01
  2.6755e+02   1.389e+07   7.163e-01
  2.6755e+02   1.425e+07   6.993e-01
  2.6755e+02   1.461e+07   6.808e-01
  2.6755e+02   1.497e+07   6.605e-01
  2.6755e+02   1.534e+07   6.378e-01
  2.6755e+02   1.570e+07   6.115e-01
  2.6755e+02   1.606e+07   5.800e-01
  2.6755e+02   1.642e+07   5.365e-01
  2.6755e+02   1.679e+07   4.416e-01
  2.6755e+02   1.715e+07   8.473e-02
  2.6755e+02   1.751e+07   1.009e-04
  2.6755e+02   1.788e+07   1.004e-04
  2.6755e+02   1.824e+07   1.002e-04

  2.7075e+02   1.013e+05   9.990e-01
  2.7075e+02   4.641e+05   9.990e-01
  2.7075e+02   8.268e+05   9.946e-01
  2.7075e+02   1.190e+06   9.915e-01
  2.7075e+02   1.552e+06   9.882e-01
  2.7075e+02   1.915e+06   9.848e-01
  2.7075e+02   2.278e+06   9.813e-01
  2.7075e+02   2.641e+06   9.776e-01
  2.7075e+02   3.003e+06   9.737e-01
  2.7075e+02   3.366e+06   9.697e-01
  2.7075e+02   3.729e+06   9.655e-01
  2.7075e+02   4.092e+06   9.612e-01
  2.7075e+02   4.454e+06   9.566e-01
  2.7075e+02   4.817e+06   9.519e-01
  2.7075e+02   5.180e+06   9.469e-01
  2.7075e+02   5.542e+06   9.417e-01
  2.7075e+02   5.905e+06   9.363e-01
  2.7075e+02   6.268e+06   9.307e-01
  2.7075e+02   6.631e+06   9.248e-01
  2.7075e+02   6.993e+06   9.186e-01
  2.7075e+02   7.356e+06   9.122e-01
  2.7075e+02   7.719e+06   9.055e-01
  2.7075e+02   8.082e+06   8.985e-01
  2.7075e+02   8.444e+06   8.913e-01
  2.7075e+02   8.807e+06   8.837e-01
  2.7075e+02   9.170e+06   8.757e-01
  2.7075e+02   9.533e+06   8.675e-01
  2.7075e+02   9.895e+06   8.589e-01
  2.7075e+02   1.026e+07   8.499e-01
  2.7075e+02   1.062e+07   8.405e-01
  2.7075e+02   1.098e+07   8.308e-01
  2.7075e+02   1.135e+07   8.206e-01
  2.7075e+02   1.171e+07   8.100e-01
  2.7075e+02   1.207e+07   7.989e-01
  2.7075e+02   1.243e+07   7.873e-01
  2.7075e+02   1.280e+07   7.751e-01
  2.7075e+02   1.316e+07   7.624e-01
  2.7075e+02   1.352e+07   7.490e-01
  2.7075e+02   1.389e+07   7.349e-01
  2.7075e+02   1.425e+07   7.199e-01
  2.7075e+02   1.461e+07   7.039e-01
  2.7075e+02   1.497e+07   6.867e-01
  2.7075e+02   1.534e+07   6.680e-01
  2.7075e+02   1.570e+07   6.473e-01
  2.7075e+02   1.606e+07   6.245e-01
  2.7075e+02   1.642e+07   5.998e-01
  2.7075e+02   1.679e+07   5.704e-01
  2.7075e+02   1.715e+07   5.053e-01
  2.7075e+02   1.751e+07   2.399e-01
  2.7075e+02   1.788e+07   1.007e-04
  2.7075e+02   1.824e+07   1.003e-04

  2.7395e+02   1.013e+05   9.990e-01
  2.7395e+02   4.641e+05   9.990e-01
  2.7395e+02   8.268e+05   9.949e-01
  2.7395e+02   1.190e+06   9.918e-01
  2.7395e+02   1.552e+06   9.886e-01
  2.7395e+02   1.915e+06   9.853e-01
  2.7395e+02   2.278e+06   9.818e-01
  2.7395e+02   2.641e+06   9.782e-01
  2.7395e+02   3.003e+06   9.744e-01
  2.7395e+02   3.366e+06   9.705e-01
  2.7395e+02   3.729e+06   9.665e-01
  2.7395e+02   4.092e+06   9.622e-01
  2.7395e+02   4.454e+06   9.578e-01
  2.7395e+02   4.817e+06   9.532e-01
  2.7395e+02   5.180e+06   9.485e-01
  2.7395e+02   5.542e+06   9.435e-01
  2.7395e+02   5.905e+06   9.383e-01
  2.7395e+02   6.268e+06   9.329e-01
  2.7395e+02   6.631e+06   9.273e-01
  2.7395e+02   6.993e+06   9.214e-01
  2.7395e+02   7.356e+06   9.153e-01
  2.7395e+02   7.719e+06   9.089e-01
  2.7395e+02   8.082e+06   9.023e-01
  2.7395e+02   8.444e+06   8.954e-01
  2.7395e+02   8.807e+06   8.883e-01
  2.7395e+02   9.170e+06   8.808e-01
  2.7395e+02   9.533e+06   8.731e-01
  2.7395e+02   9.895e+06   8.650e-01
  2.7395e+02   1.026e+07   8.566e-01
  2.7395e+02   1.062e+07   8.479e-01
  2.7395e+02   1.098e+07   8.388e-01
  2.7395e+02   1.135e+07   8.294e-01
  2.7395e+02   1.171e+07   8.196e-01
  2.7395e+02   1.207e+07   8.094e-01
  2.7395e+02   1.243e+07   7.987e-01
  2.7395e+02   1.280e+07   7.877e-01
  2.7395e+02   1.316e+07   7.761e-01
  2.7395e+02   1.352e+07   7.640e-01
  2.7395e+02   1.389e+07   7.513e-01
  2.7395e+02   1.425e+07   7.380e-01
  2.7395e+02   1.461e+07   7.240e-01
  2.7395e+02   1.497e+07   7.092e-01
  2.7395e+02   1.534e+07   6.934e-01
  2.7395e+02   1.570e+07   6.765e-01
  2.7395e+02   1.606e+07   6.588e-01
  2.7395e+02   1.642e+07   6.415e-01
  2.7395e+02   1.679e+07   6.284e-01
  2.7395e+02   1.715e+07   6.225e-01
  2.7395e+02   1.751e+07   6.022e-01
  2.7395e+02   1.788e+07   4.372e-01
  2.7395e+02   1.824e+07   1.006e-04

  2.7715e+02   1.013e+05   9.990e-01
  2.7715e+02   4.641e+05   9.990e-01
  2.7715e+02   8.268e+05   9.952e-01
  2.7715e+02   1.190e+06   9.921e-01
  2.7715e+02   1.552e+06   9.890e-01
  2.7715e+02   1.915e+06   9.857e-01
  2.7715e+02   2.278e+06   9.823e-01
  2.7715e+02   2.641e+06   9.788e-01
  2.7715e+02   3.003e+06   9.752e-01
  2.7715e+02   3.366e+06   9.714e-01
  2.7715e+02   3.729e+06   9.674e-01
  2.7715e+02   4.092e+06   9.633e-01
  2.7715e+02   4.454e+06   9.590e-01
  2.7715e+02   4.817e+06   9.546e-01
  2.7715e+02   5.180e+06   9.500e-01
  2.7715e+02   5.542e+06   9.452e-01
  2.7715e+02   5.905e+06   9.402e-01
  2.7715e+02   6.268e+06   9.350e-01
  2.7715e+02   6.631e+06   9.296e-01
  2.7715e+02   6.993e+06   9.240e-01
  2.7715e+02   7.356e+06   9.182e-01
  2.7715e+02   7.719e+06   9.122e-01
  2.7715e+02   8.082e+06   9.059e-01
  2.7715e+02   8.444e+06   8.994e-01
  2.7715e+02   8.807e+06   8.926e-01
  2.7715e+02   9.170e+06   8.856e-01
  2.7715e+02   9.533e+06   8.783e-01
  2.7715e+02   9.895e+06   8.707e-01
  2.7715e+02   1.026e+07   8.629e-01
  2.7715e+02   1.062e+07   8.547e-01
  2.7715e+02   1.098e+07   8.463e-01
  2.7715e+02   1.135e+07   8.375e-01
  2.7715e+02   1.171e+07   8.284e-01
  2.7715e+02   1.207e+07   8.190e-01
  2.7715e+02   1.243e+07   8.092e-01
  2.7715e+02   1.280e+07   7.990e-01
  2.7715e+02   1.316e+07   7.885e-01
  2.7715e+02   1.352e+07   7.775e-01
  2.7715e+02   1.389e+07   7.661e-01
  2.7715e+02   1.425e+07   7.542e-01
  2.7715e+02   1.461e+07   7.418e-01
  2.7715e+02   1.497e+07   7.289e-01
  2.7715e+02   1.534e+07   7.154e-01
  2.7715e+02   1.570e+07   7.014e-01
  2.7715e+02   1.606e+07   6.872e-01
  2.7715e+02   1.642e+07   6.741e-01
  2.7715e+02   1.679e+07   6.664e-01
  2.7715e+02   1.715e+07   6.738e-01
  2.7715e+02   1.751e+07   7.083e-01
  2.7715e+02   1.788e+07   7.621e-01
  2.7715e+02   1.824e+07   7.416e-01

  2.8035e+02   1.013e+05   9.990e-01
  2.8035e+02   4.641e+05   9.990e-01
  2.8035e+02   8.268e+05   9.955e-01
  2.8035e+02   1.190e+06   9.925e-01
  2.8035e+02   1.552e+06   9.894e-01
  2.8035e+02   1.915e+06   9.862e-01
  2.8035e+02   2.278e+06   9.829e-01
  2.8035e+02   2.641e+06   9.795e-01
  2.8035e+02   3.003e+06   9.759e-01
  2.8035e+02   3.366e+06   9.722e-01
  2.8035e+02   3.729e+06   9.684e-01
  2.8035e+02   4.092e+06   9.644e-01
  2.8035e+02   4.454e+06   9.602e-01
  2.8035e+02   4.817e+06   9.559e-01
  2.8035e+02   5.180e+06   9.515e-01
  2.8035e+02   5.542e+06   9.469e-01
  2.8035e+02   5.905e+06   9.421e-01
  2.8035e+02   6.268e+06   9.371e-01
  2.8035e+02   6.631e+06   9.319e-01
  2.8035e+02   6.993e+06   9.266e-01
  2.8035e+02   7.356e+06   9.210e-01
  2.8035e+02   7.719e+06   9.153e-01
  2.8035e+02   8.082e+06   9.093e-01
  2.8035e+02   8.444e+06   9.031e-01
  2.8035e+02   8.807e+06   8.967e-01
  2.8035e+02   9.170e+06   8.901e-01
  2.8035e+02   9.533e+06   8.832e-01
  2.8035e+02   9.895e+06   8.761e-01
  2.8035e+02   1.026e+07   8.687e-01
  2.8035e+02   1.062e+07   8.611e-01
  2.8035e+02   1.098e+07   8.532e-01
  2.8035e+02   1.135e+07   8.450e-01
  2.8035e+02   1.171e+07   8.366e-01
  2.8035e+02   1.207e+07   8.278e-01
  2.8035e+02   1.243e+07   8.188e-01
  2.8035e+02   1.280e+07   8.094e-01
  2.8035e+02   1.316e+07   7.998e-01
  2.8035e+02   1.352e+07   7.898e-01
  2.8035e+02   1.389e+07   7.795e-01
  2.8035e+02   1.425e+07   7.688e-01
  2.8035e+02   1.461e+07   7.578e-01
  2.8035e+02   1.497e+07   7.464e-01
  2.8035e+02   1.534e+07   7.348e-01
  2.8035e+02   1.570e+07   7.230e-01
  2.8035e+02   1.606e+07   7.115e-01
  2.8035e+02   1.642e+07   7.014e-01
  2.8035e+02   1.679e+07   6.964e-01
  2.8035e+02   1.715e+07   7.063e-01
  2.8035e+02   1.751e+07   7.507e-01
  2.8035e+02   1.788e+07   8.552e-01
  2.8035e+02   1.824e+07   9.990e-01

  2.8355e+02   1.013e+05   9.990e-01
  2.8355e+02   4.641e+05   9.990e-01
  2.8355e+02   8.268e+05   9.959e-01
  2.8355e+02   1.190e+06   9.930e-01
  2.8355e+02   1.552e+06   9.899e-01
  2.8355e+02   1.915e+06   9.868e-01
  2.8355e+02   2.278e+06   9.835e-01
  2.8355e+02   2.641e+06   9.802e-01
  2.8355e+02   3.003e+06   9.767e-01
  2.8355e+02   3.366e+06   9.731e-01
  2.8355e+02   3.729e+06   9.693e-01
  2.8355e+02   4.092e+06   9.654e-01
  2.8355e+02   4.454e+06   9.614e-01
  2.8355e+02   4.817e+06   9.573e-01
  2.8355e+02   5.180e+06   9.530e-01
  2.8355e+02   5.542e+06   9.485e-01
  2.8355e+02   5.905e+06   9.439e-01
  2.8355e+02   6.268e+06   9.391e-01
  2.8355e+02   6.631e+06   9.342e-01
  2.8355e+02   6.993e+06   9.290e-01
  2.8355e+02   7.356e+06   9.237e-01
  2.8355e+02   7.719e+06   9.182e-01
  2.8355e+02   8.082e+06   9.125e-01
  2.8355e+02   8.444e+06   9.067e-01
  2.8355e+02   8.807e+06   9.006e-01
  2.8355e+02   9.170e+06   8.943e-01
  2.8355e+02   9.533e+06   8.878e-01
  2.8355e+02   9.895e+06   8.811e-01
  2.8355e+02   1.026e+07   8.742e-01
  2.8355e+02   1.062e+07   8.670e-01
  2.8355e+02   1.098e+07   8.596e-01
  2.8355e+02   1.135e+07   8.520e-01
  2.8355e+02   1.171e+07   8.441e-01
  2.8355e+02   1.207e+07   8.360e-01
  2.8355e+02   1.243e+07   8.277e-01
  2.8355e+02   1.280e+07   8.191e-01
  2.8355e+02   1.316e+07   8.102e-01
  2.8355e+02   1.352e+07   8.011e-01
  2.8355e+02   1.389e+07   7.917e-01
  2.8355e+02   1.425e+07   7.821e-01
  2.8355e+02   1.461e+07   7.723e-01
  2.8355e+02   1.497e+07   7.624e-01
  2.8355e+02   1.534e+07   7.523e-01
  2.8355e+02   1.570e+07   7.424e-01
  2.8355e+02   1.606e+07   7.330e-01
  2.8355e+02   1.642e+07   7.253e-01
  2.8355e+02   1.679e+07   7.223e-01
  2.8355e+02   1.715e+07   7.324e-01
  2.8355e+02   1.751e+07   7.752e-01
  2.8355e+02   1.788e+07   8.853e-01
  2.8355e+02   1.824e+07   9.990e-01

  2.8675e+02   1.013e+05   9.990e-01
  2.8675e+02   4.641e+05   9.990e-01
  2.8675e+02   8.268e+05   9.963e-01
  2.8675e+02   1.190e+06   9.934e-01
  2.8675e+02   1.552e+06   9.904e-01
  2.8675e+02   1.915e+06   9.873e-01
  2.8675e+02   2.278e+06   9.842e-01
  2.8675e+02   2.641e+06   9.809e-01
  2.8675e+02   3.003e+06   9.775e-01
  2.8675e+02   3.366e+06   9.739e-01
  2.8675e+02   3.729e+06   9.703e-01
  2.8675e+02   4.092e+06   9.665e-01
  2.8675e+02   4.454e+06   9.626e-01
  2.8675e+02   4.817e+06   9.586e-01
  2.8675e+02   5.180e+06   9.545e-01
  2.8675e+02   5.542e+06   9.502e-01
  2.8675e+02   5.905e+06   9.457e-01
  2.8675e+02   6.268e+06   9.411e-01
  2.8675e+02   6.631e+06   9.363e-01
  2.8675e+02   6.993e+06   9.314e-01
  2.8675e+02   7.356e+06   9.264e-01
  2.8675e+02   7.719e+06   9.211e-01
  2.8675e+02   8.082e+06   9.157e-01
  2.8675e+02   8.444e+06   9.101e-01
  2.8675e+02   8.807e+06   9.043e-01
  2.8675e+02   9.170e+06   8.984e-01
  2.8675e+02   9.533e+06   8.922e-01
  2.8675e+02   9.895e+06   8.859e-01
  2.8675e+02   1.026e+07   8.794e-01
  2.8675e+02   1.062e+07   8.727e-01
  2.8675e+02   1.098e+07   8.657e-01
  2.8675e+02   1.135e+07   8.586e-01
  2.8675e+02   1.171e+07   8.513e-01
  2.8675e+02   1.207e+07   8.438e-01
  2.8675e+02   1.243e+07   8.360e-01
  2.8675e+02   1.280e+07   8.281e-01
  2.8675e+02   1.316e+07   8.199e-01
  2.8675e+02   1.352e+07   8.116e-01
  2.8675e+02   1.389e+07   8.031e-01
  2.8675e+02   1.425e+07   7.945e-01
  2.8675e+02   1.461e+07   7.857e-01
  2.8675e+02   1.497e+07   7.770e-01
  2.8675e+02   1.534e+07   7.683e-01
  2.8675e+02   1.570e+07   7.599e-01
  2.8675e+02   1.606e+07   7.523e-01
  2.8675e+02   1.642e+07   7.466e-01
  2.8675e+02   1.679e+07   7.454e-01
  2.8675e+02   1.715e+07   7.557e-01
  2.8675e+02   1.751e+07   7.949e-01
  2.8675e+02   1.788e+07   8.986e-01
  2.8675e+02   1.824e+07   9.990e-01

  2.8995e+02   1.013e+05   9.990e-01
  2.8995e+02   4.641e+05   9.990e-01
  2.8995e+02   8.268e+05   9.967e-01
  2.8995e+02   1.190e+06   9.939e-01
  2.8995e+02   1.552e+06   9.910e-01
  2.8995e+02   1.915e+06   9.879e-01
  2.8995e+02   2.278e+06   9.848e-01
  2.8995e+02   2.641e+06   9.816e-01
  2.8995e+02   3.003e+06   9.783e-01
  2.8995e+02   3.366e+06   9.749e-01
  2.8995e+02   3.729e+06   9.713e-01
  2.8995e+02   4.092e+06   9.677e-01
  2.8995e+02   4.454e+06   9.639e-01
  2.8995e+02   4.817e+06   9.600e-01
  2.8995e+02   5.180e+06   9.559e-01
  2.8995e+02   5.542e+06   9.518e-01
  2.8995e+02   5.905e+06   9.475e-01
  2.8995e+02   6.268e+06   9.431e-01
  2.8995e+02   6.631e+06   9.385e-01
  2.8995e+02   6.993e+06   9.338e-01
  2.8995e+02   7.356e+06   9.289e-01
  2.8995e+02   7.719e+06   9.239e-01
  2.8995e+02   8.082e+06   9.187e-01
  2.8995e+02   8.444e+06   9.134e-01
  2.8995e+02   8.807e+06   9.079e-01
  2.8995e+02   9.170e+06   9.023e-01
  2.8995e+02   9.533e+06   8.965e-01
  2.8995e+02   9.895e+06   8.905e-01
  2.8995e+02   1.026e+07   8.844e-01
  2.8995e+02   1.062e+07   8.780e-01
  2.8995e+02   1.098e+07   8.715e-01
  2.8995e+02   1.135e+07   8.649e-01
  2.8995e+02   1.171e+07   8.581e-01
  2.8995e+02   1.207e+07   8.511e-01
  2.8995e+02   1.243e+07   8.439e-01
  2.8995e+02   1.280e+07   8.366e-01
  2.8995e+02   1.316e+07   8.291e-01
  2.8995e+02   1.352e+07   8.215e-01
  2.8995e+02   1.389e+07   8.138e-01
  2.8995e+02   1.425e+07   8.060e-01
  2.8995e+02   1.461e+07   7.983e-01
  2.8995e+02   1.497e+07   7.906e-01
  2.8995e+02   1.534e+07   7.831e-01
  2.8995e+02   1.570e+07   7.761e-01
  2.8995e+02   1.606e+07   7.701e-01
  2.8995e+02   1.642e+07   7.662e-01
  2.8995e+02   1.679e+07   7.666e-01
  2.8995e+02   1.715e+07   7.774e-01
  2.8995e+02   1.751e+07   8.139e-01
  2.8995e+02   1.788e+07   9.093e-01
  2.8995e+02   1.824e+07   9.990e-01

  2.9315e+02   1.013e+05   9.990e-01
  2.9315e+02   4.641e+05   9.990e-01
  2.9315e+02   8.268e+05   9.972e-01
  2.9315e+02   1.190e+06   9.944e-01
  2.9315e+02   1.552e+06   9.915e-01
  2.9315e+02   1.915e+06   9.886e-01
  2.9315e+02   2.278e+06   9.855e-01
  2.9315e+02   2.641e+06   9.824e-01
  2.9315e+02   3.003e+06   9.791e-01
  2.9315e+02   3.366e+06   9.758e-01
  2.9315e+02   3.729e+06   9.723e-01
  2.9315e+02   4.092e+06   9.688e-01
  2.9315e+02   4.454e+06   9.651e-01
  2.9315e+02   4.817e+06   9.613e-01
  2.9315e+02   5.180e+06   9.575e-01
  2.9315e+02   5.542e+06   9.534e-01
  2.9315e+02   5.905e+06   9.493e-01
  2.9315e+02   6.268e+06   9.450e-01
  2.9315e+02   6.631e+06   9.406e-01
  2.9315e+02   6.993e+06   9.361e-01
  2.9315e+02   7.356e+06   9.315e-01
  2.9315e+02   7.719e+06   9.267e-01
  2.9315e+02   8.082e+06   9.217e-01
  2.9315e+02   8.444e+06   9.167e-01
  2.9315e+02   8.807e+06   9.115e-01
  2.9315e+02   9.170e+06   9.061e-01
  2.9315e+02   9.533e+06   9.006e-01
  2.9315e+02   9.895e+06   8.949e-01
  2.9315e+02   1.026e+07   8.892e-01
  2.9315e+02   1.062e+07   8.832e-01
  2.9315e+02   1.098e+07   8.771e-01
  2.9315e+02   1.135e+07   8.709e-01
  2.9315e+02   1.171e+07   8.645e-01
  2.9315e+02   1.207e+07   8.580e-01
  2.9315e+02   1.243e+07   8.514e-01
  2.9315e+02   1.280e+07   8.446e-01
  2.9315e+02   1.316e+07   8.378e-01
  2.9315e+02   1.352e+07   8.309e-01
  2.9315e+02   1.389e+07   8.239e-01
  2.9315e+02   1.425e+07   8.169e-01
  2.9315e+02   1.461e+07   8.101e-01
  2.9315e+02   1.497e+07   8.033e-01
  2.9315e+02   1.534e+07   7.970e-01
  2.9315e+02   1.570e+07   7.913e-01
  2.9315e+02   1.606e+07   7.867e-01
  2.9315e+02   1.642e+07   7.844e-01
  2.9315e+02   1.679e+07   7.864e-01
  2.9315e+02   1.715e+07   7.983e-01
  2.9315e+02   1.751e+07   8.333e-01
  2.9315e+02   1.788e+07   9.220e-01
  2.9315e+02   1.824e+07   9.990e-01

  2.9635e+02   1.013e+05   9.990e-01
  2.9635e+02   4.641e+05   9.990e-01
  2.9635e+02   8.268e+05   9.977e-01
  2.9635e+02   1.190e+06   9.950e-01
  2.9635e+02   1.552e+06   9.921e-01
  2.9635e+02   1.915e+06   9.892e-01
  2.9635e+02   2.278e+06   9.863e-01
  2.9635e+02   2.641e+06   9.832e-01
  2.9635e+02   3.003e+06   9.800e-01
  2.9635e+02   3.366e+06   9.768e-01
  2.9635e+02   3.729e+06   9.734e-01
  2.9635e+02   4.092e+06   9.700e-01
  2.9635e+02   4.454e+06   9.664e-01
  2.9635e+02   4.817e+06   9.627e-01
  2.9635e+02   5.180e+06   9.590e-01
  2.9635e+02   5.542e+06   9.551e-01
  2.9635e+02   5.905e+06   9.511e-01
  2.9635e+02   6.268e+06   9.470e-01
  2.9635e+02   6.631e+06   9.428e-01
  2.9635e+02   6.993e+06   9.384e-01
  2.9635e+02   7.356e+06   9.340e-01
  2.9635e+02   7.719e+06   9.294e-01
  2.9635e+02   8.082e+06   9.247e-01
  2.9635e+02   8.444e+06   9.199e-01
  2.9635e+02   8.807e+06   9.149e-01
  2.9635e+02   9.170e+06   9.098e-01
  2.9635e+02   9.533e+06   9.046e-01
  2.9635e+02   9.895e+06   8.993e-01
  2.9635e+02   1.026e+07   8.938e-01
  2.9635e+02   1.062e+07   8.882e-01
  2.9635e+02   1.098e+07   8.825e-01
  2.9635e+02   1.135e+07   8.767e-01
  2.9635e+02   1.171e+07   8.708e-01
  2.9635e+02   1.207e+07   8.647e-01
  2.9635e+02   1.243e+07   8.586e-01
  2.9635e+02   1.280e+07   8.524e-01
  2.9635e+02   1.316e+07   8.461e-01
  2.9635e+02   1.352e+07   8.398e-01
  2.9635e+02   1.389e+07   8.335e-01
  2.9635e+02   1.425e+07   8.273e-01
  2.9635e+02   1.461e+07   8.213e-01
  2.9635e+02   1.497e+07   8.155e-01
  2.9635e+02   1.534e+07   8.102e-01
  2.9635e+02   1.570e+07   8.057e-01
  2.9635e+02   1.606e+07   8.025e-01
  2.9635e+02   1.642e+07   8.017e-01
  2.9635e+02   1.679e+07   8.053e-01
  2.9635e+02   1.715e+07   8.185e-01
  2.9635e+02   1.751e+07   8.533e-01
  2.9635e+02   1.788e+07   9.379e-01
  2.9635e+02   1.824e+07   9.990e-01

  2.9955e+02   1.013e+05   9.990e-01
  2.9955e+02   4.641e+05   9.990e-01
  2.9955e+02   8.268e+05   9.982e-01
  2.9955e+02   1.190e+06   9.956e-01
  2.9955e+02   1.552e+06   9.928e-01
  2.9955e+02   1.915e+06   9.900e-01
  2.9955e+02   2.278e+06   9.870e-01
  2.9955e+02   2.641e+06   9.840e-01
  2.9955e+02   3.003e+06   9.810e-01
  2.9955e+02   3.366e+06   9.778e-01
  2.9955e+02   3.729e+06   9.745e-01
  2.9955e+02   4.092e+06   9.712e-01
  2.9955e+02   4.454e+06   9.677e-01
  2.9955e+02   4.817e+06   9.642e-01
  2.9955e+02   5.180e+06   9.605e-01
  2.9955e+02   5.542e+06   9.568e-01
  2.9955e+02   5.905e+06   9.529e-01
  2.9955e+02   6.268e+06   9.490e-01
  2.9955e+02   6.631e+06   9.449e-01
  2.9955e+02   6.993e+06   9.408e-01
  2.9955e+02   7.356e+06   9.365e-01
  2.9955e+02   7.719e+06   9.321e-01
  2.9955e+02   8.082e+06   9.276e-01
  2.9955e+02   8.444e+06   9.230e-01
  2.9955e+02   8.807e+06   9.183e-01
  2.9955e+02   9.170e+06   9.135e-01
  2.9955e+02   9.533e+06   9.085e-01
  2.9955e+02   9.895e+06   9.035e-01
  2.9955e+02   1.026e+07   8.984e-01
  2.9955e+02   1.062e+07   8.931e-01
  2.9955e+02   1.098e+07   8.878e-01
  2.9955e+02   1.135e+07   8.823e-01
  2.9955e+02   1.171e+07   8.768e-01
  2.9955e+02   1.207e+07   8.712e-01
  2.9955e+02   1.243e+07   8.655e-01
  2.9955e+02   1.280e+07   8.599e-01
  2.9955e+02   1.316e+07   8.541e-01
  2.9955e+02   1.352e+07   8.485e-01
  2.9955e+02   1.389e+07   8.428e-01
  2.9955e+02   1.425e+07   8.374e-01
  2.9955e+02   1.461e+07   8.321e-01
  2.9955e+02   1.497e+07   8.272e-01
  2.9955e+02   1.534e+07   8.229e-01
  2.9955e+02   1.570e+07   8.195e-01
  2.9955e+02   1.606e+07   8.176e-01
  2.9955e+02   1.642e+07   8.183e-01
  2.9955e+02   1.679e+07   8.237e-01
  2.9955e+02   1.715e+07   8.385e-01
  2.9955e+02   1.751e+07   8.742e-01
  2.9955e+02   1.788e+07   9.571e-01
  2.9955e+02   1.824e+07   9.991e-01

  3.0275e+02   1.013e+05   0.000e+00
  3.0275e+02   4.641e+05   9.990e-01
  3.0275e+02   8.268e+05   9.988e-01
  3.0275e+02   1.190e+06   9.962e-01
  3.0275e+02   1.552e+06   9.935e-01
  3.0275e+02   1.915e+06   9.907e-01
  3.0275e+02   2.278e+06   9.879e-01
  3.0275e+02   2.641e+06   9.850e-01
  3.0275e+02   3.003e+06   9.819e-01
  3.0275e+02   3.366e+06   9.789e-01
  3.0275e+02   3.729e+06   9.757e-01
  3.0275e+02   4.092e+06   9.724e-01
  3.0275e+02   4.454e+06   9.691e-01
  3.0275e+02   4.817e+06   9.656e-01
  3.0275e+02   5.180e+06   9.621e-01
  3.0275e+02   5.542e+06   9.585e-01
  3.0275e+02   5.905e+06   9.548e-01
  3.0275e+02   6.268e+06   9.510e-01
  3.0275e+02   6.631e+06   9.471e-01
  3.0275e+02   6.993e+06   9.431e-01
  3.0275e+02   7.356e+06   9.390e-01
  3.0275e+02   7.719e+06   9.348e-01
  3.0275e+02   8.082e+06   9.305e-01
  3.0275e+02   8.444e+06   9.262e-01
  3.0275e+02   8.807e+06   9.217e-01
  3.0275e+02   9.170e+06   9.171e-01
  3.0275e+02   9.533e+06   9.124e-01
  3.0275e+02   9.895e+06   9.077e-01
  3.0275e+02   1.026e+07   9.028e-01
  3.0275e+02   1.062e+07   8.979e-01
  3.0275e+02   1.098e+07   8.929e-01
  3.0275e+02   1.135e+07   8.878e-01
  3.0275e+02   1.171e+07   8.827e-01
  3.0275e+02   1.207e+07   8.775e-01
  3.0275e+02   1.243e+07   8.723e-01
  3.0275e+02   1.280e+07   8.671e-01
  3.0275e+02   1.316e+07   8.620e-01
  3.0275e+02   1.352e+07   8.569e-01
  3.0275e+02   1.389e+07   8.519e-01
  3.0275e+02   1.425e+07   8.471e-01
  3.0275e+02   1.461e+07   8.426e-01
  3.0275e+02   1.497e+07   8.386e-01
  3.0275e+02   1.534e+07   8.353e-01
  3.0275e+02   1.570e+07   8.330e-01
  3.0275e+02   1.606e+07   8.324e-01
  3.0275e+02   1.642e+07   8.346e-01
  3.0275e+02   1.679e+07   8.418e-01
  3.0275e+02   1.715e+07   8.586e-01
  3.0275e+02   1.751e+07   8.962e-01
  3.0275e+02   1.788e+07   9.799e-01
  3.0275e+02   1.824e+07   9.991e-01

  3.0595e+02   1.013e+05   0.000e+00
  3.0595e+02   4.641e+05   9.990e-01
  3.0595e+02   8.268e+05   9.995e-01
  3.0595e+02   1.190e+06   9.969e-01
  3.0595e+02   1.552e+06   9.943e-01
  3.0595e+02   1.915e+06   9.915e-01
  3.0595e+02   2.278e+06   9.888e-01
  3.0595e+02   2.641e+06   9.859e-01
  3.0595e+02   3.003e+06   9.830e-01
  3.0595e+02   3.366e+06   9.800e-01
  3.0595e+02   3.729e+06   9.769e-01
  3.0595e+02   4.092e+06   9.737e-01
  3.0595e+02   4.454e+06   9.705e-01
  3.0595e+02   4.817e+06   9.672e-01
  3.0595e+02   5.180e+06   9.638e-01
  3.0595e+02   5.542e+06   9.603e-01
  3.0595e+02   5.905e+06   9.567e-01
  3.0595e+02   6.268e+06   9.530e-01
  3.0595e+02   6.631e+06   9.493e-01
  3.0595e+02   6.993e+06   9.455e-01
  3.0595e+02   7.356e+06   9.416e-01
  3.0595e+02   7.719e+06   9.376e-01
  3.0595e+02   8.082e+06   9.335e-01
  3.0595e+02   8.444e+06   9.293e-01
  3.0595e+02   8.807e+06   9.251e-01
  3.0595e+02   9.170e+06   9.207e-01
  3.0595e+02   9.533e+06   9.163e-01
  3.0595e+02   9.895e+06   9.118e-01
  3.0595e+02   1.026e+07   9.073e-01
  3.0595e+02   1.062e+07   9.027e-01
  3.0595e+02   1.098e+07   8.980e-01
  3.0595e+02   1.135e+07   8.933e-01
  3.0595e+02   1.171e+07   8.885e-01
  3.0595e+02   1.207e+07   8.838e-01
  3.0595e+02   1.243e+07   8.790e-01
  3.0595e+02   1.280e+07   8.743e-01
  3.0595e+02   1.316e+07   8.697e-01
  3.0595e+02   1.352e+07   8.651e-01
  3.0595e+02   1.389e+07   8.607e-01
  3.0595e+02   1.425e+07   8.566e-01
  3.0595e+02   1.461e+07   8.529e-01
  3.0595e+02   1.497e+07   8.498e-01
  3.0595e+02   1.534e+07   8.474e-01
  3.0595e+02   1.570e+07   8.463e-01
  3.0595e+02   1.606e+07   8.470e-01
  3.0595e+02   1.642e+07   8.508e-01
  3.0595e+02   1.679e+07   8.600e-01
  3.0595e+02   1.715e+07   8.792e-01
  3.0595e+02   1.751e+07   9.196e-01
  3.0595e+02   1.788e+07   9.991e-01
  3.0595e+02   1.824e+07   9.991e-01

  3.0915e+02   1.013e+05   9.990e-01
  3.0915e+02   4.641e+05   9.990e-01
  3.0915e+02   8.268e+05   9.990e-01
  3.0915e+02   1.190e+06   9.977e-01
  3.0915e+02   1.552e+06   9.951e-01
  3.0915e+02   1.915e+06   9.924e-01
  3.0915e+02   2.278e+06   9.897e-01
  3.0915e+02   2.641e+06   9.869e-01
  3.0915e+02   3.003e+06   9.841e-01
  3.0915e+02   3.366e+06   9.811e-01
  3.0915e+02   3.729e+06   9.781e-01
  3.0915e+02   4.092e+06   9.751e-01
  3.0915e+02   4.454e+06   9.719e-01
  3.0915e+02   4.817e+06   9.687e-01
  3.0915e+02   5.180e+06   9.654e-01
  3.0915e+02   5.542e+06   9.621e-01
  3.0915e+02   5.905e+06   9.586e-01
  3.0915e+02   6.268e+06   9.551e-01
  3.0915e+02   6.631e+06   9.515e-01
  3.0915e+02   6.993e+06   9.479e-01
  3.0915e+02   7.356e+06   9.441e-01
  3.0915e+02   7.719e+06   9.403e-01
  3.0915e+02   8.082e+06   9.364e-01
  3.0915e+02   8.444e+06   9.325e-01
  3.0915e+02   8.807e+06   9.284e-01
  3.0915e+02   9.170e+06   9.243e-01
  3.0915e+02   9.533e+06   9.202e-01
  3.0915e+02   9.895e+06   9.160e-01
  3.0915e+02   1.026e+07   9.117e-01
  3.0915e+02   1.062e+07   9.074e-01
  3.0915e+02   1.098e+07   9.031e-01
  3.0915e+02   1.135e+07   8.987e-01
  3.0915e+02   1.171e+07   8.943e-01
  3.0915e+02   1.207e+07   8.900e-01
  3.0915e+02   1.243e+07   8.857e-01
  3.0915e+02   1.280e+07   8.814e-01
  3.0915e+02   1.316e+07   8.773e-01
  3.0915e+02   1.352e+07   8.733e-01
  3.0915e+02   1.389e+07   8.695e-01
  3.0915e+02   1.425e+07   8.661e-01
  3.0915e+02   1.461e+07   8.632e-01
  3.0915e+02   1.497e+07   8.609e-01
  3.0915e+02   1.534e+07   8.595e-01
  3.0915e+02   1.570e+07   8.595e-01
  3.0915e+02   1.606e+07   8.617e-01
  3.0915e+02   1.642e+07   8.672e-01
  3.0915e+02   1.679e+07   8.785e-01
  3.0915e+02   1.715e+07   9.006e-01
  3.0915e+02   1.751e+07   9.449e-01
  3.0915e+02   1.788e+07   9.991e-01
  3.0915e+02   1.824e+07   9.991e-01

  3.1235e+02   1.013e+05   9.998e-01
  3.1235e+02   4.641e+05   9.990e-01
  3.1235e+02   8.268e+05   9.990e-01
  3.1235e+02   1.190e+06   9.985e-01
  3.1235e+02   1.552e+06   9.959e-01
  3.1235e+02   1.915e+06   9.934e-01
  3.1235e+02   2.278e+06   9.907e-01
  3.1235e+02   2.641e+06   9.880e-01
  3.1235e+02   3.003e+06   9.852e-01
  3.1235e+02   3.366e+06   9.824e-01
  3.1235e+02   3.729e+06   9.795e-01
  3.1235e+02   4.092e+06   9.765e-01
  3.1235e+02   4.454e+06   9.735e-01
  3.1235e+02   4.817e+06   9.704e-01
  3.1235e+02   5.180e+06   9.672e-01
  3.1235e+02   5.542e+06   9.640e-01
  3.1235e+02   5.905e+06   9.606e-01
  3.1235e+02   6.268e+06   9.573e-01
  3.1235e+02   6.631e+06   9.538e-01
  3.1235e+02   6.993e+06   9.503e-01
  3.1235e+02   7.356e+06   9.468e-01
  3.1235e+02   7.719e+06   9.431e-01
  3.1235e+02   8.082e+06   9.394e-01
  3.1235e+02   8.444e+06   9.357e-01
  3.1235e+02   8.807e+06   9.319e-01
  3.1235e+02   9.170e+06   9.280e-01
  3.1235e+02   9.533e+06   9.241e-01
  3.1235e+02   9.895e+06   9.201e-01
  3.1235e+02   1.026e+07   9.162e-01
  3.1235e+02   1.062e+07   9.122e-01
  3.1235e+02   1.098e+07   9.081e-01
  3.1235e+02   1.135e+07   9.041e-01
  3.1235e+02   1.171e+07   9.001e-01
  3.1235e+02   1.207e+07   8.962e-01
  3.1235e+02   1.243e+07   8.923e-01
  3.1235e+02   1.280e+07   8.885e-01
  3.1235e+02   1.316e+07   8.849e-01
  3.1235e+02   1.352e+07   8.814e-01
  3.1235e+02   1.389e+07   8.783e-01
  3.1235e+02   1.425e+07   8.756e-01
  3.1235e+02   1.461e+07   8.734e-01
  3.1235e+02   1.497e+07   8.720e-01
  3.1235e+02   1.534e+07   8.716e-01
  3.1235e+02   1.570e+07   8.729e-01
  3.1235e+02   1.606e+07   8.765e-01
  3.1235e+02   1.642e+07   8.839e-01
  3.1235e+02   1.679e+07   8.976e-01
  3.1235e+02   1.715e+07   9.232e-01
  3.1235e+02   1.751e+07   9.727e-01
  3.1235e+02   1.788e+07   9.991e-01
  3.1235e+02   1.824e+07   9.991e-01

  3.1555e+02   1.013e+05   9.998e-01
  3.1555e+02   4.641e+05   9.990e-01
  3.1555e+02   8.268e+05   9.990e-01
  3.1555e+02   1.190e+06   9.993e-01
  3.1555e+02   1.552e+06   9.969e-01
  3.1555e+02   1.915e+06   9.944e-01
  3.1555e+02   2.278e+06   9.918e-01
  3.1555e+02   2.641e+06   9.891e-01
  3.1555e+02   3.003e+06   9.864e-01
  3.1555e+02   3.366e+06   9.837e-01
  3.1555e+02   3.729e+06   9.809e-01
  3.1555e+02   4.092e+06   9.780e-01
  3.1555e+02   4.454e+06   9.751e-01
  3.1555e+02   4.817e+06   9.721e-01
  3.1555e+02   5.180e+06   9.690e-01
  3.1555e+02   5.542e+06   9.659e-01
  3.1555e+02   5.905e+06   9.627e-01
  3.1555e+02   6.268e+06   9.595e-01
  3.1555e+02   6.631e+06   9.562e-01
  3.1555e+02   6.993e+06   9.529e-01
  3.1555e+02   7.356e+06   9.495e-01
  3.1555e+02   7.719e+06   9.460e-01
  3.1555e+02   8.082e+06   9.425e-01
  3.1555e+02   8.444e+06   9.389e-01
  3.1555e+02   8.807e+06   9.353e-01
  3.1555e+02   9.170e+06   9.317e-01
  3.1555e+02   9.533e+06   9.281e-01
  3.1555e+02   9.895e+06   9.244e-01
  3.1555e+02   1.026e+07   9.207e-01
  3.1555e+02   1.062e+07   9.170e-01
  3.1555e+02   1.098e+07   9.133e-01
  3.1555e+02   1.135e+07   9.096e-01
  3.1555e+02   1.171e+07   9.059e-01
  3.1555e+02   1.207e+07   9.024e-01
  3.1555e+02   1.243e+07   8.989e-01
  3.1555e+02   1.280e+07   8.956e-01
  3.1555e+02   1.316e+07   8.925e-01
  3.1555e+02   1.352e+07   8.896e-01
  3.1555e+02   1.389e+07   8.871e-01
  3.1555e+02   1.425e+07   8.851e-01
  3.1555e+02   1.461e+07   8.837e-01
  3.1555e+02   1.497e+07   8.832e-01
  3.1555e+02   1.534e+07   8.840e-01
  3.1555e+02   1.570e+07   8.865e-01
  3.1555e+02   1.606e+07   8.918e-01
  3.1555e+02   1.642e+07   9.012e-01
  3.1555e+02   1.679e+07   9.178e-01
  3.1555e+02   1.715e+07   9.475e-01
  3.1555e+02   1.751e+07   9.991e-01
  3.1555e+02   1.788e+07   9.991e-01
  3.1555e+02   1.824e+07   9.990e-01

  3.1875e+02   1.013e+05   9.998e-01
  3.1875e+02   4.641e+05   9.990e-01
  3.1875e+02   8.268e+05   9.990e-01
  3.1875e+02   1.190e+06   1.000e+00
  3.1875e+02   1.552e+06   9.979e-01
  3.1875e+02   1.915e+06   9.954e-01
  3.1875e+02   2.278e+06   9.929e-01
  3.1875e+02   2.641e+06   9.903e-01
  3.1875e+02   3.003e+06   9.877e-01
  3.1875e+02   3.366e+06   9.851e-01
  3.1875e+02   3.729e+06   9.823e-01
  3.1875e+02   4.092e+06   9.796e-01
  3.1875e+02   4.454e+06   9.767e-01
  3.1875e+02   4.817e+06   9.738e-01
  3.1875e+02   5.180e+06   9.709e-01
  3.1875e+02   5.542e+06   9.679e-01
  3.1875e+02   5.905e+06   9.649e-01
  3.1875e+02   6.268e+06   9.618e-01
  3.1875e+02   6.631e+06   9.586e-01
  3.1875e+02   6.993e+06   9.554e-01
  3.1875e+02   7.356e+06   9.522e-01
  3.1875e+02   7.719e+06   9.489e-01
  3.1875e+02   8.082e+06   9.456e-01
  3.1875e+02   8.444e+06   9.423e-01
  3.1875e+02   8.807e+06   9.389e-01
  3.1875e+02   9.170e+06   9.355e-01
  3.1875e+02   9.533e+06   9.321e-01
  3.1875e+02   9.895e+06   9.287e-01
  3.1875e+02   1.026e+07   9.252e-01
  3.1875e+02   1.062e+07   9.218e-01
  3.1875e+02   1.098e+07   9.184e-01
  3.1875e+02   1.135e+07   9.151e-01
  3.1875e+02   1.171e+07   9.118e-01
  3.1875e+02   1.207e+07   9.087e-01
  3.1875e+02   1.243e+07   9.057e-01
  3.1875e+02   1.280e+07   9.028e-01
  3.1875e+02   1.316e+07   9.002e-01
  3.1875e+02   1.352e+07   8.980e-01
  3.1875e+02   1.389e+07   8.961e-01
  3.1875e+02   1.425e+07   8.948e-01
  3.1875e+02   1.461e+07   8.943e-01
  3.1875e+02   1.497e+07   8.948e-01
  3.1875e+02   1.534e+07   8.967e-01
  3.1875e+02   1.570e+07   9.006e-01
  3.1875e+02   1.606e+07   9.076e-01
  3.1875e+02   1.642e+07   9.194e-01
  3.1875e+02   1.679e+07   9.393e-01
  3.1875e+02   1.715e+07   9.742e-01
  3.1875e+02   1.751e+07   9.991e-01
  3.1875e+02   1.788e+07   9.991e-01
  3.1875e+02   1.824e+07   9.990e-01

  3.2195e+02   1.013e+05   9.998e-01
  3.2195e+02   4.641e+05   9.990e-01
  3.2195e+02   8.268e+05   9.990e-01
  3.2195e+02   1.190e+06   9.990e-01
  3.2195e+02   1.552e+06   9.990e-01
  3.2195e+02   1.915e+06   9.966e-01
  3.2195e+02   2.278e+06   9.941e-01
  3.2195e+02   2.641e+06   9.916e-01
  3.2195e+02   3.003e+06   9.891e-01
  3.2195e+02   3.366e+06   9.865e-01
  3.2195e+02   3.729e+06   9.839e-01
  3.2195e+02   4.092e+06   9.812e-01
  3.2195e+02   4.454e+06   9.785e-01
  3.2195e+02   4.817e+06   9.757e-01
  3.2195e+02   5.180e+06   9.729e-01
  3.2195e+02   5.542e+06   9.700e-01
  3.2195e+02   5.905e+06   9.671e-01
  3.2195e+02   6.268e+06   9.642e-01
  3.2195e+02   6.631e+06   9.612e-01
  3.2195e+02   6.993e+06   9.581e-01
  3.2195e+02   7.356e+06   9.551e-01
  3.2195e+02   7.719e+06   9.520e-01
  3.2195e+02   8.082e+06   9.489e-01
  3.2195e+02   8.444e+06   9.457e-01
  3.2195e+02   8.807e+06   9.425e-01
  3.2195e+02   9.170e+06   9.394e-01
  3.2195e+02   9.533e+06   9.362e-01
  3.2195e+02   9.895e+06   9.330e-01
  3.2195e+02   1.026e+07   9.299e-01
  3.2195e+02   1.062e+07   9.268e-01
  3.2195e+02   1.098e+07   9.237e-01
  3.2195e+02   1.135e+07   9.207e-01
  3.2195e+02   1.171e+07   9.179e-01
  3.2195e+02   1.207e+07   9.151e-01
  3.2195e+02   1.243e+07   9.126e-01
  3.2195e+02   1.280e+07   9.102e-01
  3.2195e+02   1.316e+07   9.082e-01
  3.2195e+02   1.352e+07   9.065e-01
  3.2195e+02   1.389e+07   9.053e-01
  3.2195e+02   1.425e+07   9.048e-01
  3.2195e+02   1.461e+07   9.052e-01
  3.2195e+02   1.497e+07   9.067e-01
  3.2195e+02   1.534e+07   9.099e-01
  3.2195e+02   1.570e+07   9.154e-01
  3.2195e+02   1.606e+07   9.244e-01
  3.2195e+02   1.642e+07   9.389e-01
  3.2195e+02   1.679e+07   9.628e-01
  3.2195e+02   1.715e+07   9.992e-01
  3.2195e+02   1.751e+07   9.991e-01
  3.2195e+02   1.788e+07   9.990e-01
  3.2195e+02   1.824e+07   9.990e-01

  3.2515e+02   1.013e+05   9.998e-01
  3.2515e+02   4.641e+05   9.990e-01
  3.2515e+02   8.268e+05   9.990e-01
  3.2515e+02   1.190e+06   9.990e-01
  3.2515e+02   1.552e+06   1.000e+00
  3.2515e+02   1.915e+06   9.978e-01
  3.2515e+02   2.278e+06   9.954e-01
  3.2515e+02   2.641e+06   9.930e-01
  3.2515e+02   3.003e+06   9.906e-01
  3.2515e+02   3.366e+06   9.881e-01
  3.2515e+02   3.729e+06   9.855e-01
  3.2515e+02   4.092e+06   9.829e-01
  3.2515e+02   4.454e+06   9.803e-01
  3.2515e+02   4.817e+06   9.777e-01
  3.2515e+02   5.180e+06   9.750e-01
  3.2515e+02   5.542e+06   9.722e-01
  3.2515e+02   5.905e+06   9.694e-01
  3.2515e+02   6.268e+06   9.666e-01
  3.2515e+02   6.631e+06   9.638e-01
  3.2515e+02   6.993e+06   9.609e-01
  3.2515e+02   7.356e+06   9.580e-01
  3.2515e+02   7.719e+06   9.551e-01
  3.2515e+02   8.082e+06   9.522e-01
  3.2515e+02   8.444e+06   9.492e-01
  3.2515e+02   8.807e+06   9.463e-01
  3.2515e+02   9.170e+06   9.434e-01
  3.2515e+02   9.533e+06   9.404e-01
  3.2515e+02   9.895e+06   9.375e-01
  3.2515e+02   1.026e+07   9.347e-01
  3.2515e+02   1.062e+07   9.319e-01
  3.2515e+02   1.098e+07   9.292e-01
  3.2515e+02   1.135e+07   9.265e-01
  3.2515e+02   1.171e+07   9.240e-01
  3.2515e+02   1.207e+07   9.217e-01
  3.2515e+02   1.243e+07   9.196e-01
  3.2515e+02   1.280e+07   9.178e-01
  3.2515e+02   1.316e+07   9.163e-01
  3.2515e+02   1.352e+07   9.153e-01
  3.2515e+02   1.389e+07   9.148e-01
  3.2515e+02   1.425e+07   9.151e-01
  3.2515e+02   1.461e+07   9.165e-01
  3.2515e+02   1.497e+07   9.191e-01
  3.2515e+02   1.534e+07   9.237e-01
  3.2515e+02   1.570e+07   9.310e-01
  3.2515e+02   1.606e+07   9.423e-01
  3.2515e+02   1.642e+07   9.601e-01
  3.2515e+02   1.679e+07   9.889e-01
  3.2515e+02   1.715e+07   9.991e-01
  3.2515e+02   1.751e+07   9.991e-01
  3.2515e+02   1.788e+07   9.990e-01
  3.2515e+02   1.824e+07   9.990e-01

  3.2835e+02   1.013e+05   9.998e-01
  3.2835e+02   4.641e+05   9.990e-01
  3.2835e+02   8.268e+05   9.990e-01
  3.2835e+02   1.190e+06   9.990e-01
  3.2835e+02   1.552e+06   1.000e+00
  3.2835e+02   1.915e+06   9.991e-01
  3.2835e+02   2.278e+06   9.968e-01
  3.2835e+02   2.641e+06   9.945e-01
  3.2835e+02   3.003e+06   9.921e-01
  3.2835e+02   3.366e+06   9.897e-01
  3.2835e+02   3.729e+06   9.873e-01
  3.2835e+02   4.092e+06   9.848e-01
  3.2835e+02   4.454e+06   9.823e-01
  3.2835e+02   4.817e+06   9.797e-01
  3.2835e+02   5.180e+06   9.771e-01
  3.2835e+02   5.542e+06   9.745e-01
  3.2835e+02   5.905e+06   9.719e-01
  3.2835e+02   6.268e+06   9.692e-01
  3.2835e+02   6.631e+06   9.665e-01
  3.2835e+02   6.993e+06   9.638e-01
  3.2835e+02   7.356e+06   9.611e-01
  3.2835e+02   7.719e+06   9.584e-01
  3.2835e+02   8.082e+06   9.556e-01
  3.2835e+02   8.444e+06   9.529e-01
  3.2835e+02   8.807e+06   9.502e-01
  3.2835e+02   9.170e+06   9.475e-01
  3.2835e+02   9.533e+06   9.448e-01
  3.2835e+02   9.895e+06   9.422e-01
  3.2835e+02   1.026e+07   9.396e-01
  3.2835e+02   1.062e+07   9.371e-01
  3.2835e+02   1.098e+07   9.348e-01
  3.2835e+02   1.135e+07   9.325e-01
  3.2835e+02   1.171e+07   9.304e-01
  3.2835e+02   1.207e+07   9.285e-01
  3.2835e+02   1.243e+07   9.269e-01
  3.2835e+02   1.280e+07   9.256e-01
  3.2835e+02   1.316e+07   9.247e-01
  3.2835e+02   1.352e+07   9.244e-01
  3.2835e+02   1.389e+07   9.247e-01
  3.2835e+02   1.425e+07   9.259e-01
  3.2835e+02   1.461e+07   9.283e-01
  3.2835e+02   1.497e+07   9.323e-01
  3.2835e+02   1.534e+07   9.384e-01
  3.2835e+02   1.570e+07   9.477e-01
  3.2835e+02   1.606e+07   9.618e-01
  3.2835e+02   1.642e+07   9.835e-01
  3.2835e+02   1.679e+07   9.992e-01
  3.2835e+02   1.715e+07   9.991e-01
  3.2835e+02   1.751e+07   9.990e-01
  3.2835e+02   1.788e+07   9.990e-01
  3.2835e+02   1.824e+07   9.990e-01

  3.3155e+02   1.013e+05   9.998e-01
  3.3155e+02   4.641e+05   9.990e-01
  3.3155e+02   8.268e+05   9.990e-01
  3.3155e+02   1.190e+06   9.990e-01
  3.3155e+02   1.552e+06   9.990e-01
  3.3155e+02   1.915e+06   1.000e+00
  3.3155e+02   2.278e+06   9.983e-01
  3.3155e+02   2.641e+06   9.960e-01
  3.3155e+02   3.003e+06   9.938e-01
  3.3155e+02   3.366e+06   9.914e-01
  3.3155e+02   3.729e+06   9.891e-01
  3.3155e+02   4.092e+06   9.867e-01
  3.3155e+02   4.454e+06   9.843e-01
  3.3155e+02   4.817e+06   9.819e-01
  3.3155e+02   5.180e+06   9.794e-01
  3.3155e+02   5.542e+06   9.769e-01
  3.3155e+02   5.905e+06   9.744e-01
  3.3155e+02   6.268e+06   9.719e-01
  3.3155e+02   6.631e+06   9.694e-01
  3.3155e+02   6.993e+06   9.669e-01
  3.3155e+02   7.356e+06   9.643e-01
  3.3155e+02   7.719e+06   9.618e-01
  3.3155e+02   8.082e+06   9.592e-01
  3.3155e+02   8.444e+06   9.567e-01
  3.3155e+02   8.807e+06   9.542e-01
  3.3155e+02   9.170e+06   9.518e-01
  3.3155e+02   9.533e+06   9.494e-01
  3.3155e+02   9.895e+06   9.470e-01
  3.3155e+02   1.026e+07   9.448e-01
  3.3155e+02   1.062e+07   9.426e-01
  3.3155e+02   1.098e+07   9.406e-01
  3.3155e+02   1.135e+07   9.387e-01
  3.3155e+02   1.171e+07   9.370e-01
  3.3155e+02   1.207e+07   9.356e-01
  3.3155e+02   1.243e+07   9.345e-01
  3.3155e+02   1.280e+07   9.338e-01
  3.3155e+02   1.316e+07   9.335e-01
  3.3155e+02   1.352e+07   9.339e-01
  3.3155e+02   1.389e+07   9.351e-01
  3.3155e+02   1.425e+07   9.373e-01
  3.3155e+02   1.461e+07   9.409e-01
  3.3155e+02   1.497e+07   9.462e-01
  3.3155e+02   1.534e+07   9.542e-01
  3.3155e+02   1.570e+07   9.659e-01
  3.3155e+02   1.606e+07   9.832e-01
  3.3155e+02   1.642e+07   9.992e-01
  3.3155e+02   1.679e+07   9.992e-01
  3.3155e+02   1.715e+07   9.990e-01
  3.3155e+02   1.751e+07   9.990e-01
  3.3155e+02   1.788e+07   9.990e-01
  3.3155e+02   1.824e+07   9.990e-01

  3.3475e+02   1.013e+05   9.998e-01
  3.3475e+02   4.641e+05   9.990e-01
  3.3475e+02   8.268e+05   9.990e-01
  3.3475e+02   1.190e+06   9.990e-01
  3.3475e+02   1.552e+06   9.990e-01
  3.3475e+02   1.915e+06   1.000e+00
  3.3475e+02   2.278e+06   9.999e-01
  3.3475e+02   2.641e+06   9.977e-01
  3.3475e+02   3.003e+06   9.955e-01
  3.3475e+02   3.366e+06   9.933e-01
  3.3475e+02   3.729e+06   9.911e-01
  3.3475e+02   4.092e+06   9.888e-01
  3.3475e+02   4.454e+06   9.865e-01
  3.3475e+02   4.817e+06   9.842e-01
  3.3475e+02   5.180e+06   9.818e-01
  3.3475e+02   5.542e+06   9.795e-01
  3.3475e+02   5.905e+06   9.771e-01
  3.3475e+02   6.268e+06   9.748e-01
  3.3475e+02   6.631e+06   9.724e-01
  3.3475e+02   6.993e+06   9.700e-01
  3.3475e+02   7.356e+06   9.677e-01
  3.3475e+02   7.719e+06   9.653e-01
  3.3475e+02   8.082e+06   9.630e-01
  3.3475e+02   8.444e+06   9.607e-01
  3.3475e+02   8.807e+06   9.584e-01
  3.3475e+02   9.170e+06   9.562e-01
  3.3475e+02   9.533e+06   9.541e-01
  3.3475e+02   9.895e+06   9.521e-01
  3.3475e+02   1.026e+07   9.501e-01
  3.3475e+02   1.062e+07   9.483e-01
  3.3475e+02   1.098e+07   9.466e-01
  3.3475e+02   1.135e+07   9.452e-01
  3.3475e+02   1.171e+07   9.439e-01
  3.3475e+02   1.207e+07   9.430e-01
  3.3475e+02   1.243e+07   9.425e-01
  3.3475e+02   1.280e+07   9.424e-01
  3.3475e+02   1.316e+07   9.428e-01
  3.3475e+02   1.352e+07   9.440e-01
  3.3475e+02   1.389e+07   9.461e-01
  3.3475e+02   1.425e+07   9.494e-01
  3.3475e+02   1.461e+07   9.543e-01
  3.3475e+02   1.497e+07   9.613e-01
  3.3475e+02   1.534e+07   9.714e-01
  3.3475e+02   1.570e+07   9.859e-01
  3.3475e+02   1.606e+07   9.992e-01
  3.3475e+02   1.642e+07   9.992e-01
  3.3475e+02   1.679e+07   9.990e-01
  3.3475e+02   1.715e+07   9.990e-01
  3.3475e+02   1.751e+07   9.990e-01
  3.3475e+02   1.788e+07   9.990e-01
  3.3475e+02   1.824e+07   9.990e-01

  3.3795e+02   1.013e+05   9.998e-01
  3.3795e+02   4.641e+05   9.990e-01
  3.3795e+02   8.268e+05   9.990e-01
  3.3795e+02   1.190e+06   9.990e-01
  3.3795e+02   1.552e+06   9.990e-01
  3.3795e+02   1.915e+06   9.990e-01
  3.3795e+02   2.278e+06   9.999e-01
  3.3795e+02   2.641e+06   9.995e-01
  3.3795e+02   3.003e+06   9.974e-01
  3.3795e+02   3.366e+06   9.953e-01
  3.3795e+02   3.729e+06   9.931e-01
  3.3795e+02   4.092e+06   9.910e-01
  3.3795e+02   4.454e+06   9.888e-01
  3.3795e+02   4.817e+06   9.866e-01
  3.3795e+02   5.180e+06   9.844e-01
  3.3795e+02   5.542e+06   9.822e-01
  3.3795e+02   5.905e+06   9.800e-01
  3.3795e+02   6.268e+06   9.778e-01
  3.3795e+02   6.631e+06   9.756e-01
  3.3795e+02   6.993e+06   9.734e-01
  3.3795e+02   7.356e+06   9.712e-01
  3.3795e+02   7.719e+06   9.691e-01
  3.3795e+02   8.082e+06   9.669e-01
  3.3795e+02   8.444e+06   9.649e-01
  3.3795e+02   8.807e+06   9.629e-01
  3.3795e+02   9.170e+06   9.609e-01
  3.3795e+02   9.533e+06   9.591e-01
  3.3795e+02   9.895e+06   9.573e-01
  3.3795e+02   1.026e+07   9.557e-01
  3.3795e+02   1.062e+07   9.542e-01
  3.3795e+02   1.098e+07   9.530e-01
  3.3795e+02   1.135e+07   9.519e-01
  3.3795e+02   1.171e+07   9.512e-01
  3.3795e+02   1.207e+07   9.508e-01
  3.3795e+02   1.243e+07   9.508e-01
  3.3795e+02   1.280e+07   9.514e-01
  3.3795e+02   1.316e+07   9.526e-01
  3.3795e+02   1.352e+07   9.547e-01
  3.3795e+02   1.389e+07   9.578e-01
  3.3795e+02   1.425e+07   9.624e-01
  3.3795e+02   1.461e+07   9.688e-01
  3.3795e+02   1.497e+07   9.777e-01
  3.3795e+02   1.534e+07   9.903e-01
  3.3795e+02   1.570e+07   9.992e-01
  3.3795e+02   1.606e+07   9.992e-01
  3.3795e+02   1.642e+07   9.990e-01
  3.3795e+02   1.679e+07   9.990e-01
  3.3795e+02   1.715e+07   9.990e-01
  3.3795e+02   1.751e+07   9.990e-01
  3.3795e+02   1.788e+07   9.990e-01
  3.3795e+02   1.824e+07   9.990e-01

  3.4115e+02   1.013e+05   9.998e-01
  3.4115e+02   4.641e+05   9.990e-01
  3.4115e+02   8.268e+05   9.990e-01
  3.4115e+02   1.190e+06   9.990e-01
  3.4115e+02   1.552e+06   9.990e-01
  3.4115e+02   1.915e+06   9.990e-01
  3.4115e+02   2.278e+06   9.999e-01
  3.4115e+02   2.641e+06   9.999e-01
  3.4115e+02   3.003e+06   9.994e-01
  3.4115e+02   3.366e+06   9.974e-01
  3.4115e+02   3.729e+06   9.953e-01
  3.4115e+02   4.092e+06   9.933e-01
  3.4115e+02   4.454e+06   9.912e-01
  3.4115e+02   4.817e+06   9.892e-01
  3.4115e+02   5.180e+06   9.871e-01
  3.4115e+02   5.542e+06   9.850e-01
  3.4115e+02   5.905e+06   9.830e-01
  3.4115e+02   6.268e+06   9.809e-01
  3.4115e+02   6.631e+06   9.789e-01
  3.4115e+02   6.993e+06   9.769e-01
  3.4115e+02   7.356e+06   9.749e-01
  3.4115e+02   7.719e+06   9.730e-01
  3.4115e+02   8.082e+06   9.711e-01
  3.4115e+02   8.444e+06   9.693e-01
  3.4115e+02   8.807e+06   9.675e-01
  3.4115e+02   9.170e+06   9.658e-01
  3.4115e+02   9.533e+06   9.643e-01
  3.4115e+02   9.895e+06   9.629e-01
  3.4115e+02   1.026e+07   9.616e-01
  3.4115e+02   1.062e+07   9.605e-01
  3.4115e+02   1.098e+07   9.597e-01
  3.4115e+02   1.135e+07   9.591e-01
  3.4115e+02   1.171e+07   9.589e-01
  3.4115e+02   1.207e+07   9.590e-01
  3.4115e+02   1.243e+07   9.597e-01
  3.4115e+02   1.280e+07   9.610e-01
  3.4115e+02   1.316e+07   9.631e-01
  3.4115e+02   1.352e+07   9.661e-01
  3.4115e+02   1.389e+07   9.705e-01
  3.4115e+02   1.425e+07   9.764e-01
  3.4115e+02   1.461e+07   9.846e-01
  3.4115e+02   1.497e+07   9.958e-01
  3.4115e+02   1.534e+07   9.993e-01
  3.4115e+02   1.570e+07   9.992e-01
  3.4115e+02   1.606e+07   9.990e-01
  3.4115e+02   1.642e+07   9.990e-01
  3.4115e+02   1.679e+07   9.990e-01
  3.4115e+02   1.715e+07   9.990e-01
  3.4115e+02   1.751e+07   9.990e-01
  3.4115e+02   1.788e+07   9.990e-01
  3.4115e+02   1.824e+07   9.990e-01

  3.4435e+02   1.013e+05   9.998e-01
  3.4435e+02   4.641e+05   9.990e-01
  3.4435e+02   8.268e+05   9.990e-01
  3.4435e+02   1.190e+06   9.990e-01
  3.4435e+02   1.552e+06   9.990e-01
  3.4435e+02   1.915e+06   9.990e-01
  3.4435e+02   2.278e+06   9.990e-01
  3.4435e+02   2.641e+06   9.999e-01
  3.4435e+02   3.003e+06   9.999e-01
  3.4435e+02   3.366e+06   9.996e-01
  3.4435e+02   3.729e+06   9.977e-01
  3.4435e+02   4.092e+06   9.958e-01
  3.4435e+02   4.454e+06   9.938e-01
  3.4435e+02   4.817e+06   9.919e-01
  3.4435e+02   5.180e+06   9.900e-01
  3.4435e+02   5.542e+06   9.881e-01
  3.4435e+02   5.905e+06   9.862e-01
  3.4435e+02   6.268e+06   9.843e-01
  3.4435e+02   6.631e+06   9.824e-01
  3.4435e+02   6.993e+06   9.806e-01
  3.4435e+02   7.356e+06   9.788e-01
  3.4435e+02   7.719e+06   9.771e-01
  3.4435e+02   8.082e+06   9.755e-01
  3.4435e+02   8.444e+06   9.739e-01
  3.4435e+02   8.807e+06   9.724e-01
  3.4435e+02   9.170e+06   9.710e-01
  3.4435e+02   9.533e+06   9.698e-01
  3.4435e+02   9.895e+06   9.687e-01
  3.4435e+02   1.026e+07   9.678e-01
  3.4435e+02   1.062e+07   9.671e-01
  3.4435e+02   1.098e+07   9.668e-01
  3.4435e+02   1.135e+07   9.667e-01
  3.4435e+02   1.171e+07   9.670e-01
  3.4435e+02   1.207e+07   9.678e-01
  3.4435e+02   1.243e+07   9.692e-01
  3.4435e+02   1.280e+07   9.713e-01
  3.4435e+02   1.316e+07   9.743e-01
  3.4435e+02   1.352e+07   9.785e-01
  3.4435e+02   1.389e+07   9.842e-01
  3.4435e+02   1.425e+07   9.918e-01
  3.4435e+02   1.461e+07   9.993e-01
  3.4435e+02   1.497e+07   9.993e-01
  3.4435e+02   1.534e+07   9.992e-01
  3.4435e+02   1.570e+07   9.990e-01
  3.4435e+02   1.606e+07   9.990e-01
  3.4435e+02   1.642e+07   9.990e-01
  3.4435e+02   1.679e+07   9.990e-01
  3.4435e+02   1.715e+07   9.990e-01
  3.4435e+02   1.751e+07   9.990e-01
  3.4435e+02   1.788e+07   9.990e-01
  3.4435e+02   1.824e+07   9.990e-01

  3.4755e+02   1.013e+05   9.998e-01
  3.4755e+02   4.641e+05   9.990e-01
  3.4755e+02   8.268e+05   9.990e-01
  3.4755e+02   1.190e+06   9.990e-01
  3.4755e+02   1.552e+06   9.990e-01
  3.4755e+02   1.915e+06   9.990e-01
  3.4755e+02   2.278e+06   9.990e-01
  3.4755e+02   2.641e+06   9.990e-01
  3.4755e+02   3.003e+06   9.999e-01
  3.4755e+02   3.366e+06   9.998e-01
  3.4755e+02   3.729e+06   9.998e-01
  3.4755e+02   4.092e+06   9.984e-01
  3.4755e+02   4.454e+06   9.966e-01
  3.4755e+02   4.817e+06   9.948e-01
  3.4755e+02   5.180e+06   9.930e-01
  3.4755e+02   5.542e+06   9.913e-01
  3.4755e+02   5.905e+06   9.895e-01
  3.4755e+02   6.268e+06   9.878e-01
  3.4755e+02   6.631e+06   9.862e-01
  3.4755e+02   6.993e+06   9.846e-01
  3.4755e+02   7.356e+06   9.830e-01
  3.4755e+02   7.719e+06   9.815e-01
  3.4755e+02   8.082e+06   9.801e-01
  3.4755e+02   8.444e+06   9.788e-01
  3.4755e+02   8.807e+06   9.776e-01
  3.4755e+02   9.170e+06   9.765e-01
  3.4755e+02   9.533e+06   9.756e-01
  3.4755e+02   9.895e+06   9.749e-01
  3.4755e+02   1.026e+07   9.744e-01
  3.4755e+02   1.062e+07   9.742e-01
  3.4755e+02   1.098e+07   9.743e-01
  3.4755e+02   1.135e+07   9.748e-01
  3.4755e+02   1.171e+07   9.757e-01
  3.4755e+02   1.207e+07   9.772e-01
  3.4755e+02   1.243e+07   9.794e-01
  3.4755e+02   1.280e+07   9.824e-01
  3.4755e+02   1.316e+07   9.865e-01
  3.4755e+02   1.352e+07   9.920e-01
  3.4755e+02   1.389e+07   9.992e-01
  3.4755e+02   1.425e+07   9.993e-01
  3.4755e+02   1.461e+07   9.993e-01
  3.4755e+02   1.497e+07   9.990e-01
  3.4755e+02   1.534e+07   9.990e-01
  3.4755e+02   1.570e+07   9.990e-01
  3.4755e+02   1.606e+07   9.990e-01
  3.4755e+02   1.642e+07   9.990e-01
  3.4755e+02   1.679e+07   9.990e-01
  3.4755e+02   1.715e+07   9.990e-01
  3.4755e+02   1.751e+07   9.990e-01
  3.4755e+02   1.788e+07   9.990e-01
  3.4755e+02   1.824e+07   9.990e-01

  3.5075e+02   1.013e+05   9.998e-01
  3.5075e+02   4.641e+05   9.990e-01
  3.5075e+02   8.268e+05   9.990e-01
  3.5075e+02   1.190e+06   9.990e-01
  3.5075e+02   1.552e+06   9.990e-01
  3.5075e+02   1.915e+06   9.990e-01
  3.5075e+02   2.278e+06   9.990e-01
  3.5075e+02   2.641e+06   9.990e-01
  3.5075e+02   3.003e+06   9.990e-01
  3.5075e+02   3.366e+06   9.998e-01
  3.5075e+02   3.729e+06   9.998e-01
  3.5075e+02   4.092e+06   9.998e-01
  3.5075e+02   4.454e+06   9.995e-01
  3.5075e+02   4.817e+06   9.979e-01
  3.5075e+02   5.180e+06   9.963e-01
  3.5075e+02   5.542e+06   9.947e-01
  3.5075e+02   5.905e+06   9.931e-01
  3.5075e+02   6.268e+06   9.916e-01
  3.5075e+02   6.631e+06   9.901e-01
  3.5075e+02   6.993e+06   9.887e-01
  3.5075e+02   7.356e+06   9.874e-01
  3.5075e+02   7.719e+06   9.862e-01
  3.5075e+02   8.082e+06   9.850e-01
  3.5075e+02   8.444e+06   9.840e-01
  3.5075e+02   8.807e+06   9.831e-01
  3.5075e+02   9.170e+06   9.824e-01
  3.5075e+02   9.533e+06   9.818e-01
  3.5075e+02   9.895e+06   9.815e-01
  3.5075e+02   1.026e+07   9.815e-01
  3.5075e+02   1.062e+07   9.817e-01
  3.5075e+02   1.098e+07   9.823e-01
  3.5075e+02   1.135e+07   9.834e-01
  3.5075e+02   1.171e+07   9.850e-01
  3.5075e+02   1.207e+07   9.873e-01
  3.5075e+02   1.243e+07   9.904e-01
  3.5075e+02   1.280e+07   9.945e-01
  3.5075e+02   1.316e+07   9.998e-01
  3.5075e+02   1.352e+07   9.993e-01
  3.5075e+02   1.389e+07   9.993e-01
  3.5075e+02   1.425e+07   9.992e-01
  3.5075e+02   1.461e+07   9.990e-01
  3.5075e+02   1.497e+07   9.990e-01
  3.5075e+02   1.534e+07   9.990e-01
  3.5075e+02   1.570e+07   9.990e-01
  3.5075e+02   1.606e+07   9.990e-01
  3.5075e+02   1.642e+07   9.990e-01
  3.5075e+02   1.679e+07   9.990e-01
  3.5075e+02   1.715e+07   9.990e-01
  3.5075e+02   1.751e+07   9.990e-01
  3.5075e+02   1.788e+07   9.990e-01
  3.5075e+02   1.824e+07   9.990e-01

  3.5395e+02   1.013e+05   9.998e-01
  3.5395e+02   4.641e+05   0.000e+00
  3.5395e+02   8.268e+05   9.990e-01
  3.5395e+02   1.190e+06   9.990e-01
  3.5395e+02   1.552e+06   9.990e-01
  3.5395e+02   1.915e+06   9.990e-01
  3.5395e+02   2.278e+06   9.990e-01
  3.5395e+02   2.641e+06   9.990e-01
  3.5395e+02   3.003e+06   9.990e-01
  3.5395e+02   3.366e+06   9.990e-01
  3.5395e+02   3.729e+06   9.998e-01
  3.5395e+02   4.092e+06   9.998e-01
  3.5395e+02   4.454e+06   9.998e-01
  3.5395e+02   4.817e+06   9.998e-01
  3.5395e+02   5.180e+06   9.997e-01
  3.5395e+02   5.542e+06   9.983e-01
  3.5395e+02   5.905e+06   9.969e-01
  3.5395e+02   6.268e+06   9.956e-01
  3.5395e+02   6.631e+06   9.944e-01
  3.5395e+02   6.993e+06   9.932e-01
  3.5395e+02   7.356e+06   9.921e-01
  3.5395e+02   7.719e+06   9.911e-01
  3.5395e+02   8.082e+06   9.902e-01
  3.5395e+02   8.444e+06   9.895e-01
  3.5395e+02   8.807e+06   9.890e-01
  3.5395e+02   9.170e+06   9.886e-01
  3.5395e+02   9.533e+06   9.884e-01
  3.5395e+02   9.895e+06   9.886e-01
  3.5395e+02   1.026e+07   9.890e-01
  3.5395e+02   1.062e+07   9.898e-01
  3.5395e+02   1.098e+07   9.910e-01
  3.5395e+02   1.135e+07   9.927e-01
  3.5395e+02   1.171e+07   9.951e-01
  3.5395e+02   1.207e+07   9.983e-01
  3.5395e+02   1.243e+07   9.994e-01
  3.5395e+02   1.280e+07   9.994e-01
  3.5395e+02   1.316e+07   9.994e-01
  3.5395e+02   1.352e+07   9.993e-01
  3.5395e+02   1.389e+07   9.990e-01
  3.5395e+02   1.425e+07   9.990e-01
  3.5395e+02   1.461e+07   9.990e-01
  3.5395e+02   1.497e+07   9.990e-01
  3.5395e+02   1.534e+07   9.990e-01
  3.5395e+02   1.570e+07   9.990e-01
  3.5395e+02   1.606e+07   9.990e-01
  3.5395e+02   1.642e+07   9.990e-01
  3.5395e+02   1.679e+07   9.990e-01
  3.5395e+02   1.715e+07   9.990e-01
  3.5395e+02   1.751e+07   9.990e-01
  3.5395e+02   1.788e+07   9.990e-01
  3.5395e+02   1.824e+07   9.990e-01

  3.5715e+02   1.013e+05   9.998e-01
  3.5715e+02   4.641e+05   0.000e+00
  3.5715e+02   8.268e+05   9.990e-01
  3.5715e+02   1.190e+06   9.990e-01
  3.5715e+02   1.552e+06   9.990e-01
  3.5715e+02   1.915e+06   9.990e-01
  3.5715e+02   2.278e+06   9.990e-01
  3.5715e+02   2.641e+06   9.990e-01
  3.5715e+02   3.003e+06   9.990e-01
  3.5715e+02   3.366e+06   9.990e-01
  3.5715e+02   3.729e+06   9.990e-01
  3.5715e+02   4.092e+06   9.990e-01
  3.5715e+02   4.454e+06   9.998e-01
  3.5715e+02   4.817e+06   9.998e-01
  3.5715e+02   5.180e+06   9.997e-01
  3.5715e+02   5.542e+06   9.997e-01
  3.5715e+02   5.905e+06   9.997e-01
  3.5715e+02   6.268e+06   9.999e-01
  3.5715e+02   6.631e+06   9.989e-01
  3.5715e+02   6.993e+06   9.979e-01
  3.5715e+02   7.356e+06   9.971e-01
  3.5715e+02   7.719e+06   9.964e-01
  3.5715e+02   8.082e+06   9.958e-01
  3.5715e+02   8.444e+06   9.954e-01
  3.5715e+02   8.807e+06   9.952e-01
  3.5715e+02   9.170e+06   9.953e-01
  3.5715e+02   9.533e+06   9.955e-01
  3.5715e+02   9.895e+06   9.961e-01
  3.5715e+02   1.026e+07   9.971e-01
  3.5715e+02   1.062e+07   9.985e-01
  3.5715e+02   1.098e+07   1.000e+00
  3.5715e+02   1.135e+07   9.995e-01
  3.5715e+02   1.171e+07   9.994e-01
  3.5715e+02   1.207e+07   9.994e-01
  3.5715e+02   1.243e+07   9.994e-01
  3.5715e+02   1.280e+07   9.990e-01
  3.5715e+02   1.316e+07   9.990e-01
  3.5715e+02   1.352e+07   9.990e-01
  3.5715e+02   1.389e+07   9.990e-01
  3.5715e+02   1.425e+07   9.990e-01
  3.5715e+02   1.461e+07   9.990e-01
  3.5715e+02   1.497e+07   9.990e-01
  3.5715e+02   1.534e+07   9.990e-01
  3.5715e+02   1.570e+07   9.990e-01
  3.5715e+02   1.606e+07   9.990e-01
  3.5715e+02   1.642e+07   9.990e-01
  3.5715e+02   1.679e+07   9.990e-01
  3.5715e+02   1.715e+07   9.990e-01
  3.5715e+02   1.751e+07   9.990e-01
  3.5715e+02   1.788e+07   9.990e-01
  3.5715e+02   1.824e+07   9.990e-01

  3.6035e+02   1.013e+05   9.998e-01
  3.6035e+02   4.641e+05   0.000e+00
  3.6035e+02   8.268e+05   9.990e-01
  3.6035e+02   1.190e+06   9.990e-01
  3.6035e+02   1.552e+06   9.990e-01
  3.6035e+02   1.915e+06   9.990e-01
  3.6035e+02   2.278e+06   9.990e-01
  3.6035e+02   2.641e+06   9.990e-01
  3.6035e+02   3.003e+06   9.990e-01
  3.6035e+02   3.366e+06   9.990e-01
  3.6035e+02   3.729e+06   9.990e-01
  3.6035e+02   4.092e+06   9.990e-01
  3.6035e+02   4.454e+06   9.990e-01
  3.6035e+02   4.817e+06   9.990e-01
  3.6035e+02   5.180e+06   9.997e-01
  3.6035e+02   5.542e+06   9.997e-01
  3.6035e+02   5.905e+06   9.997e-01
  3.6035e+02   6.268e+06   9.997e-01
  3.6035e+02   6.631e+06   9.997e-01
  3.6035e+02   6.993e+06   9.997e-01
  3.6035e+02   7.356e+06   9.996e-01
  3.6035e+02   7.719e+06   9.996e-01
  3.6035e+02   8.082e+06   9.996e-01
  3.6035e+02   8.444e+06   9.996e-01
  3.6035e+02   8.807e+06   9.996e-01
  3.6035e+02   9.170e+06   9.996e-01
  3.6035e+02   9.533e+06   9.995e-01
  3.6035e+02   9.895e+06   9.995e-01
  3.6035e+02   1.026e+07   9.995e-01
  3.6035e+02   1.062e+07   9.995e-01
  3.6035e+02   1.098e+07   9.995e-01
  3.6035e+02   1.135e+07   9.994e-01
  3.6035e+02   1.171e+07   9.993e-01
  3.6035e+02   1.207e+07   9.990e-01
  3.6035e+02   1.243e+07   9.990e-01
  3.6035e+02   1.280e+07   9.990e-01
  3.6035e+02   1.316e+07   9.990e-01
  3.6035e+02   1.352e+07   9.990e-01
  3.6035e+02   1.389e+07   9.990e-01
  3.6035e+02   1.425e+07   9.990e-01
  3.6035e+02   1.461e+07   9.990e-01
  3.6035e+02   1.497e+07   9.990e-01
  3.6035e+02   1.534e+07   9.990e-01
  3.6035e+02   1.570e+07   9.990e-01
  3.6035e+02   1.606e+07   9.990e-01
  3.6035e+02   1.642e+07   9.990e-01
  3.6035e+02   1.679e+07   9.990e-01
  3.6035e+02   1.715e+07   9.990e-01
  3.6035e+02   1.751e+07   9.990e-01
  3.6035e+02   1.788e+07   9.990e-01
  3.6035e+02   1.824e+07   9.990e-01

  3.6355e+02   1.013e+05   9.998e-01
  3.6355e+02   4.641e+05   0.000e+00
  3.6355e+02   8.268e+05   9.990e-01
  3.6355e+02   1.190e+06   9.990e-01
  3.6355e+02   1.552e+06   9.990e-01
  3.6355e+02   1.915e+06   9.990e-01
  3.6355e+02   2.278e+06   9.990e-01
  3.6355e+02   2.641e+06   9.990e-01
  3.6355e+02   3.003e+06   9.990e-01
  3.6355e+02   3.366e+06   9.990e-01
  3.6355e+02   3.729e+06   9.990e-01
  3.6355e+02   4.092e+06   9.990e-01
  3.6355e+02   4.454e+06   9.990e-01
  3.6355e+02   4.817e+06   9.990e-01
  3.6355e+02   5.180e+06   9.990e-01
  3.6355e+02   5.542e+06   9.990e-01
  3.6355e+02   5.905e+06   9.990e-01
  3.6355e+02   6.268e+06   9.997e-01
  3.6355e+02   6.631e+06   9.997e-01
  3.6355e+02   6.993e+06   9.997e-01
  3.6355e+02   7.356e+06   9.996e-01
  3.6355e+02   7.719e+06   9.996e-01
  3.6355e+02   8.082e+06   9.996e-01
  3.6355e+02   8.444e+06   9.996e-01
  3.6355e+02   8.807e+06   9.996e-01
  3.6355e+02   9.170e+06   9.995e-01
  3.6355e+02   9.533e+06   9.995e-01
  3.6355e+02   9.895e+06   9.995e-01
  3.6355e+02   1.026e+07   9.992e-01
  3.6355e+02   1.062e+07   9.990e-01
  3.6355e+02   1.098e+07   9.990e-01
  3.6355e+02   1.135e+07   9.990e-01
  3.6355e+02   1.171e+07   9.990e-01
  3.6355e+02   1.207e+07   9.990e-01
  3.6355e+02   1.243e+07   9.990e-01
  3.6355e+02   1.280e+07   9.990e-01
  3.6355e+02   1.316e+07   9.990e-01
  3.6355e+02   1.352e+07   9.990e-01
  3.6355e+02   1.389e+07   9.990e-01
  3.6355e+02   1.425e+07   9.990e-01
  3.6355e+02   1.461e+07   9.990e-01
  3.6355e+02   1.497e+07   9.990e-01
  3.6355e+02   1.534e+07   9.990e-01
  3.6355e+02   1.570e+07   9.990e-01
  3.6355e+02   1.606e+07   9.990e-01
  3.6355e+02   1.642e+07   9.990e-01
  3.6355e+02   1.679e+07   9.990e-01
  3.6355e+02   1.715e+07   9.990e-01
  3.6355e+02   1.751e+07   9.990e-01
  3.6355e+02   1.788e+07   9.990e-01
  3.6355e+02   1.824e+07   9.990e-01

  3.6675e+02   1.013e+05   9.998e-01
  3.6675e+02   4.641e+05   9.998e-01
  3.6675e+02   8.268e+05   9.990e-01
  3.6675e+02   1.190e+06   9.990e-01
  3.6675e+02   1.552e+06   9.990e-01
  3.6675e+02   1.915e+06   9.990e-01
  3.6675e+02   2.278e+06   9.990e-01
  3.6675e+02   2.641e+06   9.990e-01
  3.6675e+02   3.003e+06   9.990e-01
  3.6675e+02   3.366e+06   9.990e-01
  3.6675e+02   3.729e+06   9.990e-01
  3.6675e+02   4.092e+06   9.990e-01
  3.6675e+02   4.454e+06   9.990e-01
  3.6675e+02   4.817e+06   9.990e-01
  3.6675e+02   5.180e+06   9.990e-01
  3.6675e+02   5.542e+06   9.990e-01
  3.6675e+02   5.905e+06   9.990e-01
  3.6675e+02   6.268e+06   9.990e-01
  3.6675e+02   6.631e+06   9.990e-01
  3.6675e+02   6.993e+06   9.990e-01
  3.6675e+02   7.356e+06   9.990e-01
  3.6675e+02   7.719e+06   9.990e-01
  3.6675e+02   8.082e+06   9.990e-01
  3.6675e+02   8.444e+06   9.990e-01
  3.6675e+02   8.807e+06   9.990e-01
  3.6675e+02   9.170e+06   9.990e-01
  3.6675e+02   9.533e+06   9.990e-01
  3.6675e+02   9.895e+06   9.990e-01
  3.6675e+02   1.026e+07   9.990e-01
  3.6675e+02   1.062e+07   9.990e-01
  3.6675e+02   1.098e+07   9.990e-01
  3.6675e+02   1.135e+07   9.990e-01
  3.6675e+02   1.171e+07   9.990e-01
  3.6675e+02   1.207e+07   9.990e-01
  3.6675e+02   1.243e+07   9.990e-01
  3.6675e+02   1.280e+07   9.990e-01
  3.6675e+02   1.316e+07   9.990e-01
  3.6675e+02   1.352e+07   9.990e-01
  3.6675e+02   1.389e+07   9.990e-01
  3.6675e+02   1.425e+07   9.990e-01
  3.6675e+02   1.461e+07   9.990e-01
  3.6675e+02   1.497e+07   9.990e-01
  3.6675e+02   1.534e+07   9.990e-01
  3.6675e+02   1.570e+07   9.990e-01
  3.6675e+02   1.606e+07   9.990e-01
  3.6675e+02   1.642e+07   9.990e-01
  3.6675e+02   1.679e+07   9.990e-01
  3.6675e+02   1.715e+07   9.990e-01
  3.6675e+02   1.751e+07   9.990e-01
  3.6675e+02   1.788e+07   9.990e-01
  3.6675e+02   1.824e+07   9.990e-01

  3.6995e+02   1.013e+05   9.998e-01
  3.6995e+02   4.641e+05   9.998e-01
  3.6995e+02   8.268e+05   9.990e-01
  3.6995e+02   1.190e+06   9.990e-01
  3.6995e+02   1.552e+06   9.990e-01
  3.6995e+02   1.915e+06   9.990e-01
  3.6995e+02   2.278e+06   9.990e-01
  3.6995e+02   2.641e+06   9.990e-01
  3.6995e+02   3.003e+06   9.990e-01
  3.6995e+02   3.366e+06   9.990e-01
  3.6995e+02   3.729e+06   9.990e-01
  3.6995e+02   4.092e+06   9.990e-01
  3.6995e+02   4.454e+06   9.990e-01
  3.6995e+02   4.817e+06   9.990e-01
  3.6995e+02   5.180e+06   9.990e-01
  3.6995e+02   5.542e+06   9.990e-01
  3.6995e+02   5.905e+06   9.990e-01
  3.6995e+02   6.268e+06   9.990e-01
  3.6995e+02   6.631e+06   9.990e-01
  3.6995e+02   6.993e+06   9.990e-01
  3.6995e+02   7.356e+06   9.990e-01
  3.6995e+02   7.719e+06   9.990e-01
  3.6995e+02   8.082e+06   9.990e-01
  3.6995e+02   8.444e+06   9.990e-01
  3.6995e+02   8.807e+06   9.990e-01
  3.6995e+02   9.170e+06   9.990e-01
  3.6995e+02   9.533e+06   9.990e-01
  3.6995e+02   9.895e+06   9.990e-01
  3.6995e+02   1.026e+07   9.990e-01
  3.6995e+02   1.062e+07   9.990e-01
  3.6995e+02   1.098e+07   9.990e-01
  3.6995e+02   1.135e+07   9.990e-01
  3.6995e+02   1.171e+07   9.990e-01
  3.6995e+02   1.207e+07   9.990e-01
  3.6995e+02   1.243e+07   9.990e-01
  3.6995e+02   1.280e+07   9.990e-01
  3.6995e+02   1.316e+07   9.990e-01
  3.6995e+02   1.352e+07   9.990e-01
  3.6995e+02   1.389e+07   9.990e-01
  3.6995e+02   1.425e+07   9.990e-01
  3.6995e+02   1.461e+07   9.990e-01
  3.6995e+02   1.497e+07   9.990e-01
  3.6995e+02   1.534e+07   9.990e-01
  3.6995e+02   1.570e+07   9.990e-01
  3.6995e+02   1.606e+07   9.990e-01
  3.6995e+02   1.642e+07   9.990e-01
  3.6995e+02   1.679e+07   9.990e-01
  3.6995e+02   1.715e+07   9.990e-01
  3.6995e+02   1.751e+07   9.990e-01
  3.6995e+02   1.788e+07   9.990e-01
  3.6995e+02   1.824e+07   9.990e-01

  3.7315e+02   1.013e+05   9.998e-01
  3.7315e+02   4.641e+05   9.998e-01
  3.7315e+02   8.268e+05   9.990e-01
  3.7315e+02   1.190e+06   9.990e-01
  3.7315e+02   1.552e+06   9.990e-01
  3.7315e+02   1.915e+06   9.990e-01
  3.7315e+02   2.278e+06   9.990e-01
  3.7315e+02   2.641e+06   9.990e-01
  3.7315e+02   3.003e+06   9.990e-01
  3.7315e+02   3.366e+06   9.990e-01
  3.7315e+02   3.729e+06   9.990e-01
  3.7315e+02   4.092e+06   9.990e-01
  3.7315e+02   4.454e+06   9.990e-01
  3.7315e+02   4.817e+06   9.990e-01
  3.7315e+02   5.180e+06   9.990e-01
  3.7315e+02   5.542e+06   9.990e-01
  3.7315e+02   5.905e+06   9.990e-01
  3.7315e+02   6.268e+06   9.990e-01
  3.7315e+02   6.631e+06   9.990e-01
  3.7315e+02   6.993e+06   9.990e-01
  3.7315e+02   7.356e+06   9.990e-01
  3.7315e+02   7.719e+06   9.990e-01
  3.7315e+02   8.082e+06   9.990e-01
  3.7315e+02   8.444e+06   9.990e-01
  3.7315e+02   8.807e+06   9.990e-01
  3.7315e+02   9.170e+06   9.990e-01
  3.7315e+02   9.533e+06   9.990e-01
  3.7315e+02   9.895e+06   9.990e-01
  3.7315e+02   1.026e+07   9.990e-01
  3.7315e+02   1.062e+07   9.990e-01
  3.7315e+02   1.098e+07   9.990e-01
  3.7315e+02   1.135e+07   9.990e-01
  3.7315e+02   1.171e+07   9.990e-01
  3.7315e+02   1.207e+07   9.990e-01
  3.7315e+02   1.243e+07   9.990e-01
  3.7315e+02   1.280e+07   9.990e-01
  3.7315e+02   1.316e+07   9.990e-01
  3.7315e+02   1.352e+07   9.990e-01
  3.7315e+02   1.389e+07   9.990e-01
  3.7315e+02   1.425e+07   9.990e-01
  3.7315e+02   1.461e+07   9.990e-01
  3.7315e+02   1.497e+07   9.990e-01
  3.7315e+02   1.534e+07   9.990e-01
  3.7315e+02   1.570e+07   9.990e-01
  3.7315e+02   1.606e+07   9.990e-01
  3.7315e+02   1.642e+07   9.990e-01
  3.7315e+02   1.679e+07   9.990e-01
  3.7315e+02   1.715e+07   9.990e-01
  3.7315e+02   1.751e+07   9.990e-01
  3.7315e+02   1.788e+07   9.990e-01
  3.7315e+02   1.824e+07   9.990e-01

